  2.000000000000000E-003  2.000000000000000E-003  -5.26214858685131     
  2.000000000000000E-003  0.140374583333333       -5.24846994513554     
  2.000000000000000E-003  0.278749166666667       -5.16549112520148     
  2.000000000000000E-003  0.417123750000000       -4.96227830099098     
  2.000000000000000E-003  0.555498333333333       -4.66840124629197     
  2.000000000000000E-003  0.693872916666667       -4.33686458933902     
  2.000000000000000E-003  0.832247500000000       -4.00489155420343     
  2.000000000000000E-003  0.970622083333333       -3.69208966320182     
  2.000000000000000E-003   1.10899666666667       -3.40423125897931     
  2.000000000000000E-003   1.24737125000000       -3.14256606558901     
  2.000000000000000E-003   1.38574583333333       -2.90607784084041     
  2.000000000000000E-003   1.52412041666667       -2.69198212849252     
  2.000000000000000E-003   1.66249500000000       -2.49811192556650     
  2.000000000000000E-003   1.80086958333333       -2.32230584942349     
  2.000000000000000E-003   1.93924416666667       -2.16267372464015     
  2.000000000000000E-003   2.07761875000000       -2.01777869393051     
  2.000000000000000E-003   2.21599333333333       -1.88624750546576     
  2.000000000000000E-003   2.35436791666667       -1.76697834020475     
  2.000000000000000E-003   2.49274250000000       -1.65897474584037     
  2.000000000000000E-003   2.63111708333333       -1.56118276650821     
  2.000000000000000E-003   2.76949166666667       -1.47264676279093     
  2.000000000000000E-003   2.90786625000000       -1.39248456690109     
  2.000000000000000E-003   3.04624083333333       -1.31986497948596     
  2.000000000000000E-003   3.18461541666667       -1.25399885836350     
  2.000000000000000E-003   3.32299000000000       -1.19413886315442     
  0.140374583333333       2.000000000000000E-003  -5.24840479229355     
  0.140374583333333       0.140374583333333       -5.22913067530173     
  0.140374583333333       0.278749166666667       -5.13005682477114     
  0.140374583333333       0.417123750000000       -4.92126896491644     
  0.140374583333333       0.555498333333333       -4.63054529664751     
  0.140374583333333       0.693872916666667       -4.30478079154971     
  0.140374583333333       0.832247500000000       -3.97934377011508     
  0.140374583333333       0.970622083333333       -3.67145186018527     
  0.140374583333333        1.10899666666667       -3.38796555952410     
  0.140374583333333        1.24737125000000       -3.12988406892826     
  0.140374583333333        1.38574583333333       -2.89580609803222     
  0.140374583333333        1.52412041666667       -2.68374899274201     
  0.140374583333333        1.66249500000000       -2.49144261958256     
  0.140374583333333        1.80086958333333       -2.31690221417626     
  0.140374583333333        1.93924416666667       -2.15832041325145     
  0.140374583333333        2.07761875000000       -2.01427480768859     
  0.140374583333333        2.21599333333333       -1.88345537485499     
  0.140374583333333        2.35436791666667       -1.76479162827116     
  0.140374583333333        2.49274250000000       -1.65728949106516     
  0.140374583333333        2.63111708333333       -1.55991312978585     
  0.140374583333333        2.76949166666667       -1.47172208320194     
  0.140374583333333        2.90786625000000       -1.39184560091372     
  0.140374583333333        3.04624083333333       -1.31946145915331     
  0.140374583333333        3.18461541666667       -1.25378789863271     
  0.140374583333333        3.32299000000000       -1.19408390337033     
  0.278749166666667       2.000000000000000E-003  -5.16525317483731     
  0.278749166666667       0.140374583333333       -5.12990142645286     
  0.278749166666667       0.278749166666667       -5.00805783289977     
  0.278749166666667       0.417123750000000       -4.79546830774474     
  0.278749166666667       0.555498333333333       -4.51691872801070     
  0.278749166666667       0.693872916666667       -4.21054312462158     
  0.278749166666667       0.832247500000000       -3.90288836343868     
  0.278749166666667       0.970622083333333       -3.61050112781901     
  0.278749166666667        1.10899666666667       -3.33897796990312     
  0.278749166666667        1.24737125000000       -3.09035266911086     
  0.278749166666667        1.38574583333333       -2.86358486644713     
  0.278749166666667        1.52412041666667       -2.65728639418369     
  0.278749166666667        1.66249500000000       -2.46950798075195     
  0.278749166666667        1.80086958333333       -2.29862399838672     
  0.278749166666667        1.93924416666667       -2.14308442784908     
  0.278749166666667        2.07761875000000       -2.00151077938257     
  0.278749166666667        2.21599333333333       -1.87276657274466     
  0.278749166666667        2.35436791666667       -1.75587853580033     
  0.278749166666667        2.49274250000000       -1.64985144319171     
  0.278749166666667        2.63111708333333       -1.55370738216043     
  0.278749166666667        2.76949166666667       -1.46654824063971     
  0.278749166666667        2.90786625000000       -1.38753544100864     
  0.278749166666667        3.04624083333333       -1.31587234869851     
  0.278749166666667        3.18461541666667       -1.25079843514587     
  0.278749166666667        3.32299000000000       -1.19159090575167     
  0.417123750000000       2.000000000000000E-003  -4.96186686510524     
  0.417123750000000       0.140374583333333       -4.92094148213745     
  0.417123750000000       0.278749166666667       -4.79529196000290     
  0.417123750000000       0.417123750000000       -4.59362317656093     
  0.417123750000000       0.555498333333333       -4.34083378746427     
  0.417123750000000       0.693872916666667       -4.06379391676933     
  0.417123750000000       0.832247500000000       -3.78396842975594     
  0.417123750000000       0.970622083333333       -3.51425122597402     
  0.417123750000000        1.10899666666667       -3.26105329638836     
  0.417123750000000        1.24737125000000       -3.02678121060564     
  0.417123750000000        1.38574583333333       -2.81143095887542     
  0.417123750000000        1.52412041666667       -2.61399029814760     
  0.417123750000000        1.66249500000000       -2.43338791575161     
  0.417123750000000        1.80086958333333       -2.26828916655192     
  0.417123750000000        1.93924416666667       -2.11753779800559     
  0.417123750000000        2.07761875000000       -1.97996209590710     
  0.417123750000000        2.21599333333333       -1.85460286710876     
  0.417123750000000        2.35436791666667       -1.74056056998158     
  0.417123750000000        2.49274250000000       -1.63692004242550     
  0.417123750000000        2.63111708333333       -1.54277722542639     
  0.417123750000000        2.76949166666667       -1.45729938581759     
  0.417123750000000        2.90786625000000       -1.37969822813341     
  0.417123750000000        3.04624083333333       -1.30921756697695     
  0.417123750000000        3.18461541666667       -1.24513073840515     
  0.417123750000000        3.32299000000000       -1.18674418162603     
  0.555498333333333       2.000000000000000E-003  -4.66785364105474     
  0.555498333333333       0.140374583333333       -4.63007153516760     
  0.555498333333333       0.278749166666667       -4.51657964374574     
  0.555498333333333       0.417123750000000       -4.34065982759195     
  0.555498333333333       0.555498333333333       -4.12162663156171     
  0.555498333333333       0.693872916666667       -3.88013192290800     
  0.555498333333333       0.832247500000000       -3.63229454882851     
  0.555498333333333       0.970622083333333       -3.39015488193298     
  0.555498333333333        1.10899666666667       -3.15923991447353     
  0.555498333333333        1.24737125000000       -2.94284780764420     
  0.555498333333333        1.38574583333333       -2.74169104704053     
  0.555498333333333        1.52412041666667       -2.55577625654042     
  0.555498333333333        1.66249500000000       -2.38451885221669     
  0.555498333333333        1.80086958333333       -2.22711709058601     
  0.555498333333333        1.93924416666667       -2.08266384715884     
  0.555498333333333        2.07761875000000       -1.95040828204208     
  0.555498333333333        2.21599333333333       -1.82956860167296     
  0.555498333333333        2.35436791666667       -1.71933458376784     
  0.555498333333333        2.49274250000000       -1.61889608561881     
  0.555498333333333        2.63111708333333       -1.52744893225091     
  0.555498333333333        2.76949166666667       -1.44424283803249     
  0.555498333333333        2.90786625000000       -1.36855403039884     
  0.555498333333333        3.04624083333333       -1.29967902750257     
  0.555498333333333        3.18461541666667       -1.23693582862300     
  0.555498333333333        3.32299000000000       -1.17966975751768     
  0.693872916666667       2.000000000000000E-003  -4.33619725200371     
  0.693872916666667       0.140374583333333       -4.30417602059178     
  0.693872916666667       0.278749166666667       -4.21005305712826     
  0.693872916666667       0.417123750000000       -4.06345207528421     
  0.693872916666667       0.555498333333333       -3.87995582200847     
  0.693872916666667       0.693872916666667       -3.67430575286129     
  0.693872916666667       0.832247500000000       -3.46004658441156     
  0.693872916666667       0.970622083333333       -3.24666345082721     
  0.693872916666667        1.10899666666667       -3.03985711573689     
  0.693872916666667        1.24737125000000       -2.84313589265102     
  0.693872916666667        1.38574583333333       -2.65808000021860     
  0.693872916666667        1.52412041666667       -2.48532993572657     
  0.693872916666667        1.66249500000000       -2.32495286481589     
  0.693872916666667        1.80086958333333       -2.17651690110989     
  0.693872916666667        1.93924416666667       -2.03967354421321     
  0.693872916666667        2.07761875000000       -1.91384518931565     
  0.693872916666667        2.21599333333333       -1.79843775535936     
  0.693872916666667        2.35436791666667       -1.69283318285367     
  0.693872916666667        2.49274250000000       -1.59629108371286     
  0.693872916666667        2.63111708333333       -1.50813882036901     
  0.693872916666667        2.76949166666667       -1.42771894364114     
  0.693872916666667        2.90786625000000       -1.35438198588506     
  0.693872916666667        3.04624083333333       -1.28748633839737     
  0.693872916666667        3.18461541666667       -1.22640323094607     
  0.693872916666667        3.32299000000000       -1.17052482393771     
  0.832247500000000       2.000000000000000E-003  -4.00409655849484     
  0.832247500000000       0.140374583333333       -3.97860209779563     
  0.832247500000000       0.278749166666667       -3.90224480292256     
  0.832247500000000       0.417123750000000       -3.78345635175277     
  0.832247500000000       0.555498333333333       -3.63193702699677     
  0.832247500000000       0.693872916666667       -3.45986032366938     
  0.832247500000000       0.832247500000000       -3.27716549807289     
  0.832247500000000       0.970622083333333       -3.09160198073423     
  0.832247500000000        1.10899666666667       -2.90877638496430     
  0.832247500000000        1.24737125000000       -2.73216981074965     
  0.832247500000000        1.38574583333333       -2.56394512879465     
  0.832247500000000        1.52412041666667       -2.40533455838448     
  0.832247500000000        1.66249500000000       -2.25673532485994     
  0.832247500000000        1.80086958333333       -2.11831174091989     
  0.832247500000000        1.93924416666667       -1.98992528563053     
  0.832247500000000        2.07761875000000       -1.87130227528507     
  0.832247500000000        2.21599333333333       -1.76213651326403     
  0.832247500000000        2.35436791666667       -1.66177826397915     
  0.832247500000000        2.49274250000000       -1.56969081032875     
  0.832247500000000        2.63111708333333       -1.48532390599255     
  0.832247500000000        2.76949166666667       -1.40811697148178     
  0.832247500000000        2.90786625000000       -1.33750020550333     
  0.832247500000000        3.04624083333333       -1.27289986319236     
  0.832247500000000        3.18461541666667       -1.21374658576257     
  0.832247500000000        3.32299000000000       -1.15948544206692     
  0.970622083333333       2.000000000000000E-003  -3.69114393209900     
  0.970622083333333       0.140374583333333       -3.67055331914533     
  0.970622083333333       0.278749166666667       -3.60968840446135     
  0.970622083333333       0.417123750000000       -3.51355665457716     
  0.970622083333333       0.555498333333333       -3.38960414459441     
  0.970622083333333       0.693872916666667       -3.24627752435661     
  0.970622083333333       0.832247500000000       -3.09139969792712     
  0.970622083333333       0.970622083333333       -2.93139155087162     
  0.970622083333333        1.10899666666667       -2.77105562177175     
  0.970622083333333        1.24737125000000       -2.61413973435682     
  0.970622083333333        1.38574583333333       -2.46270525614716     
  0.970622083333333        1.52412041666667       -2.31845756927960     
  0.970622083333333        1.66249500000000       -2.18212088689563     
  0.970622083333333        1.80086958333333       -2.05421099819254     
  0.970622083333333        1.93924416666667       -1.93488413948593     
  0.970622083333333        2.07761875000000       -1.82409330309033     
  0.970622083333333        2.21599333333333       -1.72159345038613     
  0.970622083333333        2.35436791666667       -1.62693374505259     
  0.970622083333333        2.49274250000000       -1.53971758768908     
  0.970622083333333        2.63111708333333       -1.45951133140669     
  0.970622083333333        2.76949166666667       -1.38585001404269     
  0.970622083333333        2.90786625000000       -1.31824496810868     
  0.970622083333333        3.04624083333333       -1.25619335007699     
  0.970622083333333        3.18461541666667       -1.19918906439975     
  0.970622083333333        3.32299000000000       -1.14673424276747     
   1.10899666666667       2.000000000000000E-003  -3.40310546886585     
   1.10899666666667       0.140374583333333       -3.38688299202813     
   1.10899666666667       0.278749166666667       -3.33797299513556     
   1.10899666666667       0.417123750000000       -3.26015675326727     
   1.10899666666667       0.555498333333333       -3.15847853283508     
   1.10899666666667       0.693872916666667       -3.03925437525343     
   1.10899666666667       0.832247500000000       -2.90835379491138     
   1.10899666666667       0.970622083333333       -2.77083390928567     
   1.10899666666667        1.10899666666667       -2.63124342049567     
   1.10899666666667        1.24737125000000       -2.49258441860280     
   1.10899666666667        1.38574583333333       -2.35736798792941     
   1.10899666666667        1.52412041666667       -2.22721755791930     
   1.10899666666667        1.66249500000000       -2.10316989261808     
   1.10899666666667        1.80086958333333       -1.98595565309187     
   1.10899666666667        1.93924416666667       -1.87593526546569     
   1.10899666666667        2.07761875000000       -1.77329382429693     
   1.10899666666667        2.21599333333333       -1.67773915515789     
   1.10899666666667        2.35436791666667       -1.58906260139661     
   1.10899666666667        2.49274250000000       -1.50699541703508     
   1.10899666666667        2.63111708333333       -1.43120994964066     
   1.10899666666667        2.76949166666667       -1.36133174868636     
   1.10899666666667        2.90786625000000       -1.29695166352962     
   1.10899666666667        3.04624083333333       -1.23763827185855     
   1.10899666666667        3.18461541666667       -1.18295047534422     
   1.10899666666667        3.32299000000000       -1.13244978390044     
   1.24737125000000       2.000000000000000E-003  -3.14122867768838     
   1.24737125000000       0.140374583333333       -3.12858786366782     
   1.24737125000000       0.278749166666667       -3.08912884289048     
   1.24737125000000       0.417123750000000       -3.02565927117597     
   1.24737125000000       0.555498333333333       -2.94185465423942     
   1.24737125000000       0.693872916666667       -2.84229631941970     
   1.24737125000000       0.832247500000000       -2.73150699617666     
   1.24737125000000       0.970622083333333       -2.61367597452935     
   1.24737125000000        1.10899666666667       -2.49234160622548     
   1.24737125000000        1.24737125000000       -2.37053264332082     
   1.24737125000000        1.38574583333333       -2.25045733614260     
   1.24737125000000        1.52412041666667       -2.13379337693473     
   1.24737125000000        1.66249500000000       -2.02175333428934     
   1.24737125000000        1.80086958333333       -1.91516259494130     
   1.24737125000000        1.93924416666667       -1.81450939910919     
   1.24737125000000        2.07761875000000       -1.71996880421447     
   1.24737125000000        2.21599333333333       -1.63145356971690     
   1.24737125000000        2.35436791666667       -1.54889174975711     
   1.24737125000000        2.49274250000000       -1.47212106698719     
   1.24737125000000        2.63111708333333       -1.40090675908943     
   1.24737125000000        2.76949166666667       -1.33495738326257     
   1.24737125000000        2.90786625000000       -1.27393949522685     
   1.24737125000000        3.04624083333333       -1.21749162380044     
   1.24737125000000        3.18461541666667       -1.16523758225711     
   1.24737125000000        3.32299000000000       -1.11679889196882     
   1.38574583333333       2.000000000000000E-003  -2.90449818415651     
   1.38574583333333       0.140374583333333       -2.89426653570797     
   1.38574583333333       0.278749166666667       -2.86211467779816     
   1.38574583333333       0.417123750000000       -2.81005865707768     
   1.38574583333333       0.555498333333333       -2.74044304568981     
   1.38574583333333       0.693872916666667       -2.65698182541739     
   1.38574583333333       0.832247500000000       -2.56302086793592     
   1.38574583333333       0.970622083333333       -2.46197824120272     
   1.38574583333333        1.10899666666667       -2.35686104522713     
   1.38574583333333        1.24737125000000       -2.25019284984972     
   1.38574583333333        1.38574583333333       -2.14405634514653     
   1.38574583333333        1.52412041666667       -2.04007989462599     
   1.38574583333333        1.66249500000000       -1.93949428464327     
   1.38574583333333        1.80086958333333       -1.84319377013545     
   1.38574583333333        1.93924416666667       -1.75166348100609     
   1.38574583333333        2.07761875000000       -1.66506930991329     
   1.38574583333333        2.21599333333333       -1.58353645418126     
   1.38574583333333        2.35436791666667       -1.50708662056442     
   1.38574583333333        2.49274250000000       -1.43564297820020     
   1.38574583333333        2.63111708333333       -1.36904989740614     
   1.38574583333333        2.76949166666667       -1.30709029193068     
   1.38574583333333        2.90786625000000       -1.24950123933281     
   1.38574583333333        3.04624083333333       -1.19598828134755     
   1.38574583333333        3.18461541666667       -1.14623856238026     
   1.38574583333333        3.32299000000000       -1.09993276603186     
   1.52412041666667       2.000000000000000E-003  -2.69013102752243     
   1.52412041666667       0.140374583333333       -2.68193789318871     
   1.52412041666667       0.278749166666667       -2.65554315326601     
   1.52412041666667       0.417123750000000       -2.61234238709423     
   1.52412041666667       0.555498333333333       -2.55424989029092     
   1.52412041666667       0.693872916666667       -2.48395075535541     
   1.52412041666667       0.832247500000000       -2.40412734736292     
   1.52412041666667       0.970622083333333       -2.31744614246499     
   1.52412041666667        1.10899666666667       -2.22642530874676     
   1.52412041666667        1.24737125000000       -2.13324297726108     
   1.52412041666667        1.38574583333333       -2.03979376366227     
   1.52412041666667        1.52412041666667       -1.94756617109272     
   1.52412041666667        1.66249500000000       -1.85777680159703     
   1.52412041666667        1.80086958333333       -1.77124171444212     
   1.52412041666667        1.93924416666667       -1.68834226097504     
   1.52412041666667        2.07761875000000       -1.60942164870954     
   1.52412041666667        2.21599333333333       -1.53468997227185     
   1.52412041666667        2.35436791666667       -1.46423575060564     
   1.52412041666667        2.49274250000000       -1.39804857533675     
   1.52412041666667        2.63111708333333       -1.33603882017127     
   1.52412041666667        2.76949166666667       -1.27805489608330     
   1.52412041666667        2.90786625000000       -1.22389850326911     
   1.52412041666667        3.04624083333333       -1.17333824150319     
   1.52412041666667        3.18461541666667       -1.12612181863051     
   1.52412041666667        3.32299000000000       -1.08198696339219     
   1.66249500000000       2.000000000000000E-003  -2.49596266473410     
   1.66249500000000       0.140374583333333       -2.48933359107321     
   1.66249500000000       0.278749166666667       -2.46746609054914     
   1.66249500000000       0.417123750000000       -2.43144024911223     
   1.66249500000000       0.555498333333333       -2.38269108711911     
   1.66249500000000       0.693872916666667       -2.32327091040926     
   1.66249500000000       0.832247500000000       -2.25522365645886     
   1.66249500000000       0.970622083333333       -2.18080368324537     
   1.66249500000000        1.10899666666667       -2.10207106841187     
   1.66249500000000        1.24737125000000       -2.02089587000226     
   1.66249500000000        1.38574583333333       -1.93890094616321     
   1.66249500000000        1.52412041666667       -1.85746950769372     
   1.66249500000000        1.66249500000000       -1.77767492650916     
   1.66249500000000        1.80086958333333       -1.70012021034839     
   1.66249500000000        1.93924416666667       -1.62534044712453     
   1.66249500000000        2.07761875000000       -1.55372167048919     
   1.66249500000000        2.21599333333333       -1.48551189460312     
   1.66249500000000        2.35436791666667       -1.42084455312236     
   1.66249500000000        2.49274250000000       -1.35975946934302     
   1.66249500000000        2.63111708333333       -1.30222127346753     
   1.66249500000000        2.76949166666667       -1.24813541740151     
   1.66249500000000        2.90786625000000       -1.19736207809435     
   1.66249500000000        3.04624083333333       -1.14972829261323     
   1.66249500000000        3.18461541666667       -1.10503864365926     
   1.66249500000000        3.32299000000000       -1.06308473198767     
   1.80086958333333       2.000000000000000E-003  -2.31983414571901     
   1.80086958333333       0.140374583333333       -2.31447124375750     
   1.80086958333333       0.278749166666667       -2.29625989140829     
   1.80086958333333       0.417123750000000       -2.26601852464206     
   1.80086958333333       0.555498333333333       -2.22496622768415     
   1.80086958333333       0.693872916666667       -2.17451010889527     
   1.80086958333333       0.832247500000000       -2.11647466467528     
   1.80086958333333       0.970622083333333       -2.05256801096015     
   1.80086958333333        1.10899666666667       -1.98453007743928     
   1.80086958333333        1.24737125000000       -1.91397787809327     
   1.80086958333333        1.38574583333333       -1.84227292381941     
   1.80086958333333        1.52412041666667       -1.77060701136097     
   1.80086958333333        1.66249500000000       -1.69979305824565     
   1.80086958333333        1.80086958333333       -1.63051237499546     
   1.80086958333333        1.93924416666667       -1.56329808238925     
   1.80086958333333        2.07761875000000       -1.49853822492720     
   1.80086958333333        2.21599333333333       -1.43649727116722     
   1.80086958333333        2.35436791666667       -1.37733661020846     
   1.80086958333333        2.49274250000000       -1.32113318608708     
   1.80086958333333        2.63111708333333       -1.26789584815428     
   1.80086958333333        2.76949166666667       -1.21757935862481     
   1.80086958333333        2.90786625000000       -1.17009626512037     
   1.80086958333333        3.04624083333333       -1.12532700281161     
   1.80086958333333        3.18461541666667       -1.08312863772291     
   1.80086958333333        3.32299000000000       -1.04334261440695     
   1.93924416666667       2.000000000000000E-003  -2.15985633365873     
   1.93924416666667       0.140374583333333       -2.15554478701923     
   1.93924416666667       0.278749166666667       -2.14037677132242     
   1.93924416666667       0.417123750000000       -2.11492309215892     
   1.93924416666667       0.555498333333333       -2.08016809351034     
   1.93924416666667       0.693872916666667       -2.03732223614111     
   1.93924416666667       0.832247500000000       -1.98774271812143     
   1.93924416666667       0.970622083333333       -1.93289503485990     
   1.93924416666667        1.10899666666667       -1.87416373891234     
   1.93924416666667        1.24737125000000       -1.81297834298137     
   1.93924416666667        1.38574583333333       -1.75039665299706     
   1.93924416666667        1.52412041666667       -1.68736226643321     
   1.93924416666667        1.66249500000000       -1.62466832840200     
   1.93924416666667        1.80086958333333       -1.56295321157396     
   1.93924416666667        1.93924416666667       -1.50271393673531     
   1.93924416666667        2.07761875000000       -1.44432295445648     
   1.93924416666667        2.21599333333333       -1.38804614146188     
   1.93924416666667        2.35436791666667       -1.33406036920203     
   1.93924416666667        2.49274250000000       -1.28246952325996     
   1.93924416666667        2.63111708333333       -1.23331836116862     
   1.93924416666667        2.76949166666667       -1.18660404972956     
   1.93924416666667        2.90786625000000       -1.14228557963264     
   1.93924416666667        3.04624083333333       -1.10029148607426     
   1.93924416666667        3.18461541666667       -1.06052639858898     
   1.93924416666667        3.32299000000000       -1.02287691130606     
   2.07761875000000       2.000000000000000E-003  -2.01459522372154     
   2.07761875000000       0.140374583333333       -2.01113370938447     
   2.07761875000000       0.278749166666667       -1.99843770618851     
   2.07761875000000       0.417123750000000       -1.97698305910682     
   2.07761875000000       0.555498333333333       -1.94754893746530     
   2.07761875000000       0.693872916666667       -1.91112900205900     
   2.07761875000000       0.832247500000000       -1.86875589897944     
   2.07761875000000       0.970622083333333       -1.82173966359964     
   2.07761875000000        1.10899666666667       -1.77115790466884     
   2.07761875000000        1.24737125000000       -1.71807491746146     
   2.07761875000000        1.38574583333333       -1.66344075035735     
   2.07761875000000        1.52412041666667       -1.60808051109801     
   2.07761875000000        1.66249500000000       -1.55268868595279     
   2.07761875000000        1.80086958333333       -1.49783260587786     
   2.07761875000000        1.93924416666667       -1.44396225346434     
   2.07761875000000        2.07761875000000       -1.39142382966208     
   2.07761875000000        2.21599333333333       -1.34047484832835     
   2.07761875000000        2.35436791666667       -1.29129898395766     
   2.07761875000000        2.49274250000000       -1.24401943058404     
   2.07761875000000        2.63111708333333       -1.19871008520615     
   2.07761875000000        2.76949166666667       -1.15540438539622     
   2.07761875000000        2.90786625000000       -1.11410205029104     
   2.07761875000000        3.04624083333333       -1.07477425453235     
   2.07761875000000        3.18461541666667       -1.03736788629766     
   2.07761875000000        3.32299000000000       -1.00180950923185     
   2.21599333333333       2.000000000000000E-003  -1.88267861961978     
   2.21599333333333       0.140374583333333       -1.87992983158776     
   2.21599333333333       0.278749166666667       -1.86931024758923     
   2.21599333333333       0.417123750000000       -1.85124038262867     
   2.21599333333333       0.555498333333333       -1.82632528351110     
   2.21599333333333       0.693872916666667       -1.79533929266414     
   2.21599333333333       0.832247500000000       -1.75920814723114     
   2.21599333333333       0.970622083333333       -1.71886020592985     
   2.21599333333333        1.10899666666667       -1.67522548237654     
   2.21599333333333        1.24737125000000       -1.62918318023223     
   2.21599333333333        1.38574583333333       -1.58153216645971     
   2.21599333333333        1.52412041666667       -1.53297355179438     
   2.21599333333333        1.66249500000000       -1.48410387902301     
   2.21599333333333        1.80086958333333       -1.43541678138215     
   2.21599333333333        1.93924416666667       -1.38731069283167     
   2.21599333333333        2.07761875000000       -1.34010018768620     
   2.21599333333333        2.21599333333333       -1.29402875087456     
   2.21599333333333        2.35436791666667       -1.24928118721840     
   2.21599333333333        2.49274250000000       -1.20599441054038     
   2.21599333333333        2.63111708333333       -1.16426593851450     
   2.21599333333333        2.76949166666667       -1.12415997844010     
   2.21599333333333        2.90786625000000       -1.08571145060816     
   2.21599333333333        3.04624083333333       -1.04892860603891     
   2.21599333333333        3.18461541666667       -1.01379502714595     
   2.21599333333333        3.32299000000000      -0.980271756322672     
   2.35436791666667       2.000000000000000E-003  -1.76300645433190     
   2.35436791666667       0.140374583333333       -1.76086382048814     
   2.35436791666667       0.278749166666667       -1.75202060333165     
   2.35436791666667       0.417123750000000       -1.73679838065754     
   2.35436791666667       0.555498333333333       -1.71569391452718     
   2.35436791666667       0.693872916666667       -1.68933956428036     
   2.35436791666667       0.832247500000000       -1.65845684117317     
   2.35436791666667       0.970622083333333       -1.62380915988523     
   2.35436791666667        1.10899666666667       -1.58615889195650     
   2.35436791666667        1.24737125000000       -1.54623225355092     
   2.35436791666667        1.38574583333333       -1.50469386305377     
   2.35436791666667        1.52412041666667       -1.46213130255425     
   2.35436791666667        1.66249500000000       -1.41904884908925     
   2.35436791666667        1.80086958333333       -1.37586873411700     
   2.35436791666667        1.93924416666667       -1.33293782754295     
   2.35436791666667        2.07761875000000       -1.29053749880957     
   2.35436791666667        2.21599333333333       -1.24889454656993     
   2.35436791666667        2.35436791666667       -1.20819145900518     
   2.35436791666667        2.49274250000000       -1.16857479803964     
   2.35436791666667        2.63111708333333       -1.13016110608675     
   2.35436791666667        2.76949166666667       -1.09304032194251     
   2.35436791666667        2.90786625000000       -1.05727717971566     
   2.35436791666667        3.04624083333333       -1.02291138884561     
   2.35436791666667        3.18461541666667      -0.989957521895089     
   2.35436791666667        3.32299000000000      -0.958405471238981     
   2.49274250000000       2.000000000000000E-003  -1.65458982259327     
   2.49274250000000       0.140374583333333       -1.65294934978639     
   2.49274250000000       0.278749166666667       -1.64558237050923     
   2.49274250000000       0.417123750000000       -1.63274824989939     
   2.49274250000000       0.555498333333333       -1.61484752175754     
   2.49274250000000       0.693872916666667       -1.59239128495591     
   2.49274250000000       0.832247500000000       -1.56596479566888     
   2.49274250000000       0.970622083333333       -1.53618979089378     
   2.49274250000000        1.10899666666667       -1.50368963972130     
   2.49274250000000        1.24737125000000       -1.46906042830137     
   2.49274250000000        1.38574583333333       -1.43284983533724     
   2.49274250000000        1.52412041666667       -1.39554439488089     
   2.49274250000000        1.66249500000000       -1.35756464169047     
   2.49274250000000        1.80086958333333       -1.31926679141001     
   2.49274250000000        1.93924416666667       -1.28094907381487     
   2.49274250000000        2.07761875000000       -1.24286062666181     
   2.49274250000000        2.21599333333333       -1.20521095275817     
   2.49274250000000        2.35436791666667       -1.16817829524980     
   2.49274250000000        2.49274250000000       -1.13191581986022     
   2.49274250000000        2.63111708333333       -1.09655511303664     
   2.49274250000000        2.76949166666667       -1.06220711098106     
   2.49274250000000        2.90786625000000       -1.02896107479703     
   2.49274250000000        3.04624083333333      -0.996882552778696     
   2.49274250000000        3.18461541666667      -0.966011386234448     
   2.49274250000000        3.32299000000000      -0.936360721035241     
   2.63111708333333       2.000000000000000E-003  -1.55637346286608     
   2.63111708333333       0.140374583333333       -1.55514902398176     
   2.63111708333333       0.278749166666667       -1.54901521570794     
   2.63111708333333       0.417123750000000       -1.53818356453950     
   2.63111708333333       0.555498333333333       -1.52297995737477     
   2.63111708333333       0.693872916666667       -1.50382017606174     
   2.63111708333333       0.832247500000000       -1.48118061372588     
   2.63111708333333       0.970622083333333       -1.45556775321682     
   2.63111708333333        1.10899666666667       -1.42748977799629     
   2.63111708333333        1.24737125000000       -1.39743300096592     
   2.63111708333333        1.38574583333333       -1.36584482058181     
   2.63111708333333        1.52412041666667       -1.33312383779883     
   2.63111708333333        1.66249500000000       -1.29961675772396     
   2.63111708333333        1.80086958333333       -1.26562088224919     
   2.63111708333333        1.93924416666667       -1.23139045718285     
   2.63111708333333        2.07761875000000       -1.19714490900244     
   2.63111708333333        2.21599333333333       -1.16307708898502     
   2.63111708333333        2.35436791666667       -1.12935999251174     
   2.63111708333333        2.49274250000000       -1.09615096152265     
   2.63111708333333        2.63111708333333       -1.06359300899394     
   2.63111708333333        2.76949166666667       -1.03181351954214     
   2.63111708333333        2.90786625000000       -1.00092108296139     
   2.63111708333333        3.04624083333333      -0.971001535126730     
   2.63111708333333        3.18461541666667      -0.942114375522790     
   2.63111708333333        3.32299000000000      -0.914290604177521     
   2.76949166666667       2.000000000000000E-003  -1.46739799387585     
   2.76949166666667       0.140374583333333       -1.46651876503457     
   2.76949166666667       0.278749166666667       -1.46141765967766     
   2.76949166666667       0.417123750000000       -1.45226857173798     
   2.76949166666667       0.555498333333333       -1.43933832921220     
   2.76949166666667       0.693872916666667       -1.42296662882323     
   2.76949166666667       0.832247500000000       -1.40354201000677     
   2.76949166666667       0.970622083333333       -1.38147681933585     
   2.76949166666667        1.10899666666667       -1.35718400514424     
   2.76949166666667        1.24737125000000       -1.33105805858372     
   2.76949166666667        1.38574583333333       -1.30346160738060     
   2.76949166666667        1.52412041666667       -1.27471822648386     
   2.76949166666667        1.66249500000000       -1.24511110915703     
   2.76949166666667        1.80086958333333       -1.21488647453827     
   2.76949166666667        1.93924416666667       -1.18426006943034     
   2.76949166666667        2.07761875000000       -1.15342490552111     
   2.76949166666667        2.21599333333333       -1.12255846376352     
   2.76949166666667        2.35436791666667       -1.09182795554300     
   2.76949166666667        2.49274250000000       -1.06139277841294     
   2.76949166666667        2.63111708333333       -1.03140394105943     
   2.76949166666667        2.76949166666667       -1.00200084843466     
   2.76949166666667        2.90786625000000      -0.973306334111867     
   2.76949166666667        3.04624083333333      -0.945421128667799     
   2.76949166666667        3.18461541666667      -0.918419022427157     
   2.76949166666667        3.32299000000000      -0.892343821220999     
   2.90786625000000       2.000000000000000E-003  -1.38677718111102     
   2.90786625000000       0.140374583333333       -1.38618385470218     
   2.90786625000000       0.278749166666667       -1.38194736359254     
   2.90786625000000       0.417123750000000       -1.37421151141773     
   2.90786625000000       0.555498333333333       -1.36319576411585     
   2.90786625000000       0.693872916666667       -1.34917848275962     
   2.90786625000000       0.832247500000000       -1.33247691989437     
   2.90786625000000       0.970622083333333       -1.31342649124489     
   2.90786625000000        1.10899666666667       -1.29236176181090     
   2.90786625000000        1.24737125000000       -1.26960114871114     
   2.90786625000000        1.38574583333333       -1.24543663765750     
   2.90786625000000        1.52412041666667       -1.22012896611023     
   2.90786625000000        1.66249500000000       -1.19390788503217     
   2.90786625000000        1.80086958333333       -1.16697640191341     
   2.90786625000000        1.93924416666667       -1.13951742983382     
   2.90786625000000        2.07761875000000       -1.11170107821093     
   2.90786625000000        2.21599333333333       -1.08369093006259     
   2.90786625000000        2.35436791666667       -1.05564802068450     
   2.90786625000000        2.49274250000000       -1.02773178710220     
   2.90786625000000        2.63111708333333       -1.00009789454075     
   2.90786625000000        2.76949166666667      -0.972893455370874     
   2.90786625000000        2.90786625000000      -0.946250637514530     
   2.90786625000000        3.04624083333333      -0.920279939200657     
   2.90786625000000        3.18461541666667      -0.895064448611829     
   2.90786625000000        3.32299000000000      -0.870656215532225     
   3.04624083333333       2.000000000000000E-003  -1.31367538436823     
   3.04624083333333       0.140374583333333       -1.31331771158441     
   3.04624083333333       0.278749166666667       -1.30980351485324     
   3.04624083333333       0.417123750000000       -1.30325228366908     
   3.04624083333333       0.555498333333333       -1.29384519673153     
   3.04624083333333       0.693872916666667       -1.28181092591645     
   3.04624083333333       0.832247500000000       -1.26740880663014     
   3.04624083333333       0.970622083333333       -1.25091155929012     
   3.04624083333333        1.10899666666667       -1.23258968527691     
   3.04624083333333        1.24737125000000       -1.21269927350500     
   3.04624083333333        1.38574583333333       -1.19147431888941     
   3.04624083333333        1.52412041666667       -1.16912388633695     
   3.04624083333333        1.66249500000000       -1.14583368359855     
   3.04624083333333        1.80086958333333       -1.12177095681572     
   3.04624083333333        1.93924416666667       -1.09709119146090     
   3.04624083333333        2.07761875000000       -1.07194494629482     
   3.04624083333333        2.21599333333333       -1.04648327944357     
   3.04624083333333        2.35436791666667       -1.02086060733449     
   3.04624083333333        2.49274250000000      -0.995234393385711     
   3.04624083333333        2.63111708333333      -0.969761692914954     
   3.04624083333333        2.76949166666667      -0.944593174694230     
   3.04624083333333        2.90786625000000      -0.919865699360318     
   3.04624083333333        3.04624083333333      -0.895694788481318     
   3.04624083333333        3.18461541666667      -0.872168331144709     
   3.04624083333333        3.32299000000000      -0.849342655205058     
   3.18461541666667       2.000000000000000E-003  -1.24729869227751     
   3.18461541666667       0.140374583333333       -1.24713388058736     
   3.18461541666667       0.278749166666667       -1.24422104959443     
   3.18461541666667       0.417123750000000       -1.23865992789905     
   3.18461541666667       0.555498333333333       -1.23060063426935     
   3.18461541666667       0.693872916666667       -1.22023155232312     
   3.18461541666667       0.832247500000000       -1.20776506883932     
   3.18461541666667       0.970622083333333       -1.19342310058961     
   3.18461541666667        1.10899666666667       -1.17742427341976     
   3.18461541666667        1.24737125000000       -1.15997426179198     
   3.18461541666667        1.38574583333333       -1.14126021533405     
   3.18461541666667        1.52412041666667       -1.12144949510651     
   3.18461541666667        1.66249500000000       -1.10069223687712     
   3.18461541666667        1.80086958333333       -1.07912666802423     
   3.18461541666667        1.93924416666667       -1.05688572178977     
   3.18461541666667        2.07761875000000       -1.03410337266833     
   3.18461541666667        2.21599333333333       -1.01091926933600     
   3.18461541666667        2.35436791666667      -0.987480630560569     
   3.18461541666667        2.49274250000000      -0.963940920588289     
   3.18461541666667        2.63111708333333      -0.940455434501847     
   3.18461541666667        2.76949166666667      -0.917174494644340     
   3.18461541666667        2.90786625000000      -0.894235390951036     
   3.18461541666667        3.04624083333333      -0.871754422184633     
   3.18461541666667        3.18461541666667      -0.849820380435703     
   3.18461541666667        3.32299000000000      -0.828490578260358     
   3.32299000000000       2.000000000000000E-003  -1.18689480543771     
   3.32299000000000       0.140374583333333       -1.18688645276437     
   3.32299000000000       0.278749166666667       -1.18447242403994     
   3.32299000000000       0.417123750000000       -1.17973634927252     
   3.32299000000000       0.555498333333333       -1.17280314401961     
   3.32299000000000       0.693872916666667       -1.16382859521981     
   3.32299000000000       0.832247500000000       -1.15298721738913     
   3.32299000000000       0.970622083333333       -1.14046008552758     
   3.32299000000000        1.10899666666667       -1.12642428659113     
   3.32299000000000        1.24737125000000       -1.11104530010744     
   3.32299000000000        1.38574583333333       -1.09447308210200     
   3.32299000000000        1.52412041666667       -1.07684198037815     
   3.32299000000000        1.66249500000000       -1.05827396515201     
   3.32299000000000        1.80086958333333       -1.03888412566344     
   3.32299000000000        1.93924416666667       -1.01878704764781     
   3.32299000000000        2.07761875000000      -0.998102599666408     
   3.32299000000000        2.21599333333333      -0.976959825918231     
   3.32299000000000        2.35436791666667      -0.955498033211272     
   3.32299000000000        2.49274250000000      -0.933864697644280     
   3.32299000000000        2.63111708333333      -0.912210406362214     
   3.32299000000000        2.76949166666667      -0.890681589295027     
   3.32299000000000        2.90786625000000      -0.869412194164040     
   3.32299000000000        3.04624083333333      -0.848515650898510     
   3.32299000000000        3.18461541666667      -0.828078431470945     
   3.32299000000000        3.32299000000000      -0.808156251095057     
