  2.000000000000000E-003  2.000000000000000E-003  -4.00409655849484     
  2.000000000000000E-003  0.140374583333333       -3.95687498478768     
  2.000000000000000E-003  0.278749166666667       -3.83875001762936     
  2.000000000000000E-003  0.417123750000000       -3.65780191049376     
  2.000000000000000E-003  0.555498333333333       -3.43802653804048     
  2.000000000000000E-003  0.693872916666667       -3.20677418695927     
  2.000000000000000E-003  0.832247500000000       -2.98185873057821     
  2.000000000000000E-003  0.970622083333333       -2.77201384703512     
  2.000000000000000E-003   1.10899666666667       -2.57896605521635     
  2.000000000000000E-003   1.24737125000000       -2.40249225005744     
  2.000000000000000E-003   1.38574583333333       -2.24152863644395     
  2.000000000000000E-003   1.52412041666667       -2.09421401256859     
  2.000000000000000E-003   1.66249500000000       -1.95923068537807     
  2.000000000000000E-003   1.80086958333333       -1.83533381750129     
  2.000000000000000E-003   1.93924416666667       -1.72144061825242     
  2.000000000000000E-003   2.07761875000000       -1.61680663715202     
  2.000000000000000E-003   2.21599333333333       -1.52066933598869     
  2.000000000000000E-003   2.35436791666667       -1.43244799403807     
  2.000000000000000E-003   2.49274250000000       -1.35177748648601     
  2.000000000000000E-003   2.63111708333333       -1.27802583632825     
  2.000000000000000E-003   2.76949166666667       -1.21058161440690     
  2.000000000000000E-003   2.90786625000000       -1.14889174757500     
  2.000000000000000E-003   3.04624083333333       -1.09244378017595     
  2.000000000000000E-003   3.18461541666667       -1.04075540136921     
  2.000000000000000E-003   3.32299000000000      -0.993369076548060     
  0.140374583333333       2.000000000000000E-003  -4.11704063386004     
  0.140374583333333       0.140374583333333       -4.03875471538495     
  0.140374583333333       0.278749166666667       -3.87599417763338     
  0.140374583333333       0.417123750000000       -3.67390267254292     
  0.140374583333333       0.555498333333333       -3.44733072204165     
  0.140374583333333       0.693872916666667       -3.21480335268380     
  0.140374583333333       0.832247500000000       -2.99080936800675     
  0.140374583333333       0.970622083333333       -2.78184137480676     
  0.140374583333333        1.10899666666667       -2.58980346877422     
  0.140374583333333        1.24737125000000       -2.41411648864799     
  0.140374583333333        1.38574583333333       -2.25334015860390     
  0.140374583333333        1.52412041666667       -2.10604880826748     
  0.140374583333333        1.66249500000000       -1.97081571418688     
  0.140374583333333        1.80086958333333       -1.84650023346393     
  0.140374583333333        1.93924416666667       -1.73206650832270     
  0.140374583333333        2.07761875000000       -1.62676460814452     
  0.140374583333333        2.21599333333333       -1.52989773217905     
  0.140374583333333        2.35436791666667       -1.44091322447018     
  0.140374583333333        2.49274250000000       -1.35956028757145     
  0.140374583333333        2.63111708333333       -1.28519222606599     
  0.140374583333333        2.76949166666667       -1.21717950556791     
  0.140374583333333        2.90786625000000       -1.15495881303826     
  0.140374583333333        3.04624083333333       -1.09801281529200     
  0.140374583333333        3.18461541666667       -1.04585783493690     
  0.140374583333333        3.32299000000000      -0.998037040237283     
  0.278749166666667       2.000000000000000E-003  -4.29784175719429     
  0.278749166666667       0.140374583333333       -4.17932601262421     
  0.278749166666667       0.278749166666667       -3.93476228291862     
  0.278749166666667       0.417123750000000       -3.67720762794043     
  0.278749166666667       0.555498333333333       -3.42903049455203     
  0.278749166666667       0.693872916666667       -3.19355032083949     
  0.278749166666667       0.832247500000000       -2.97287368516886     
  0.278749166666667       0.970622083333333       -2.76898633738113     
  0.278749166666667        1.10899666666667       -2.58148481945083     
  0.278749166666667        1.24737125000000       -2.40954361144154     
  0.278749166666667        1.38574583333333       -2.25159940450284     
  0.278749166666667        1.52412041666667       -2.10638807418258     
  0.278749166666667        1.66249500000000       -1.97257613629680     
  0.278749166666667        1.80086958333333       -1.84920295725503     
  0.278749166666667        1.93924416666667       -1.73541666969402     
  0.278749166666667        2.07761875000000       -1.63038018259338     
  0.278749166666667        2.21599333333333       -1.53361040157013     
  0.278749166666667        2.35436791666667       -1.44458209258542     
  0.278749166666667        2.49274250000000       -1.36318106740767     
  0.278749166666667        2.63111708333333       -1.28873282885266     
  0.278749166666667        2.76949166666667       -1.22060880499235     
  0.278749166666667        2.90786625000000       -1.15824888174478     
  0.278749166666667        3.04624083333333       -1.10114076989628     
  0.278749166666667        3.18461541666667       -1.04880710560655     
  0.278749166666667        3.32299000000000       -1.00079799734192     
  0.417123750000000       2.000000000000000E-003  -4.34580528691412     
  0.417123750000000       0.140374583333333       -4.22766479001364     
  0.417123750000000       0.278749166666667       -3.95805358427955     
  0.417123750000000       0.417123750000000       -3.66341827597517     
  0.417123750000000       0.555498333333333       -3.39399236570744     
  0.417123750000000       0.693872916666667       -3.15302747421313     
  0.417123750000000       0.832247500000000       -2.93570392579525     
  0.417123750000000       0.970622083333333       -2.73792823576705     
  0.417123750000000        1.10899666666667       -2.55691656303540     
  0.417123750000000        1.24737125000000       -2.39065655699725     
  0.417123750000000        1.38574583333333       -2.23745522382501     
  0.417123750000000        1.52412041666667       -2.09587385695851     
  0.417123750000000        1.66249500000000       -1.96492430216182     
  0.417123750000000        1.80086958333333       -1.84367192373190     
  0.417123750000000        1.93924416666667       -1.73148364560422     
  0.417123750000000        2.07761875000000       -1.62767488795600     
  0.417123750000000        2.21599333333333       -1.53175867746037     
  0.417123750000000        2.35436791666667       -1.44343430738453     
  0.417123750000000        2.49274250000000       -1.36261646895447     
  0.417123750000000        2.63111708333333       -1.28862303801368     
  0.417123750000000        2.76949166666667       -1.22084507317194     
  0.417123750000000        2.90786625000000       -1.15873891794834     
  0.417123750000000        3.04624083333333       -1.10180708097799     
  0.417123750000000        3.18461541666667       -1.04958597460944     
  0.417123750000000        3.32299000000000       -1.00163861535519     
  0.555498333333333       2.000000000000000E-003  -4.21681632074027     
  0.555498333333333       0.140374583333333       -4.12111336127469     
  0.555498333333333       0.278749166666667       -3.88227143131988     
  0.555498333333333       0.417123750000000       -3.60061274292321     
  0.555498333333333       0.555498333333333       -3.33317628027978     
  0.555498333333333       0.693872916666667       -3.09479189287267     
  0.555498333333333       0.832247500000000       -2.88286731837189     
  0.555498333333333       0.970622083333333       -2.69241981053187     
  0.555498333333333        1.10899666666667       -2.51888402711842     
  0.555498333333333        1.24737125000000       -2.35945914168649     
  0.555498333333333        1.38574583333333       -2.21206157045212     
  0.555498333333333        1.52412041666667       -2.07535779628584     
  0.555498333333333        1.66249500000000       -1.94836540555590     
  0.555498333333333        1.80086958333333       -1.83036269040937     
  0.555498333333333        1.93924416666667       -1.72061905157023     
  0.555498333333333        2.07761875000000       -1.61885106505663     
  0.555498333333333        2.21599333333333       -1.52447597624819     
  0.555498333333333        2.35436791666667       -1.43757903284634     
  0.555498333333333        2.49274250000000       -1.35794681367174     
  0.555498333333333        2.63111708333333       -1.28492280647378     
  0.555498333333333        2.76949166666667       -1.21793369590184     
  0.555498333333333        2.90786625000000       -1.15646399415931     
  0.555498333333333        3.04624083333333       -1.10003975629574     
  0.555498333333333        3.18461541666667       -1.04821789352126     
  0.555498333333333        3.32299000000000       -1.00057969493401     
  0.693872916666667       2.000000000000000E-003  -3.97999061483535     
  0.693872916666667       0.140374583333333       -3.90761054356031     
  0.693872916666667       0.278749166666667       -3.72034068619848     
  0.693872916666667       0.417123750000000       -3.48038285453202     
  0.693872916666667       0.555498333333333       -3.23863614916172     
  0.693872916666667       0.693872916666667       -3.01548341703342     
  0.693872916666667       0.832247500000000       -2.81498455289156     
  0.693872916666667       0.970622083333333       -2.63425698234148     
  0.693872916666667        1.10899666666667       -2.46947317316647     
  0.693872916666667        1.24737125000000       -2.31776320764464     
  0.693872916666667        1.38574583333333       -2.17705737669751     
  0.693872916666667        1.52412041666667       -2.04601772754493     
  0.693872916666667        1.66249500000000       -1.92382130369185     
  0.693872916666667        1.80086958333333       -1.80964739970026     
  0.693872916666667        1.93924416666667       -1.70325841268838     
  0.693872916666667        2.07761875000000       -1.60410868482626     
  0.693872916666667        2.21599333333333       -1.51204265401857     
  0.693872916666667        2.35436791666667       -1.42723980285668     
  0.693872916666667        2.49274250000000       -1.34934571256739     
  0.693872916666667        2.63111708333333       -1.27776887319767     
  0.693872916666667        2.76949166666667       -1.21198365292049     
  0.693872916666667        2.90786625000000       -1.15151201488323     
  0.693872916666667        3.04624083333333       -1.09591071164796     
  0.693872916666667        3.18461541666667       -1.04476274571973     
  0.693872916666667        3.32299000000000      -0.997672183959094     
  0.832247500000000       2.000000000000000E-003  -3.70317369568845     
  0.832247500000000       0.140374583333333       -3.65142562792793     
  0.832247500000000       0.278749166666667       -3.50963744848923     
  0.832247500000000       0.417123750000000       -3.31891164573443     
  0.832247500000000       0.555498333333333       -3.11338359470794     
  0.832247500000000       0.693872916666667       -2.91540890422954     
  0.832247500000000       0.832247500000000       -2.73221654676383     
  0.832247500000000       0.970622083333333       -2.56429865929696     
  0.832247500000000        1.10899666666667       -2.40988845409357     
  0.832247500000000        1.24737125000000       -2.26684688253021     
  0.832247500000000        1.38574583333333       -2.13352080411777     
  0.832247500000000        1.52412041666667       -2.00884909775081     
  0.832247500000000        1.66249500000000       -1.89197605377372     
  0.832247500000000        1.80086958333333       -1.78242452300395     
  0.832247500000000        1.93924416666667       -1.67984183008163     
  0.832247500000000        2.07761875000000       -1.58405513278617     
  0.832247500000000        2.21599333333333       -1.49488626635645     
  0.832247500000000        2.35436791666667       -1.41273213347828     
  0.832247500000000        2.49274250000000       -1.33706383542684     
  0.832247500000000        2.63111708333333       -1.26736230631182     
  0.832247500000000        2.76949166666667       -1.20315748215895     
  0.832247500000000        2.90786625000000       -1.14401530460100     
  0.832247500000000        3.04624083333333       -1.08952849354678     
  0.832247500000000        3.18461541666667       -1.03931039281915     
  0.832247500000000        3.32299000000000      -0.992991344970399     
  0.970622083333333       2.000000000000000E-003  -3.42881150721603     
  0.970622083333333       0.140374583333333       -3.39033296586416     
  0.970622083333333       0.278749166666667       -3.28554458168136     
  0.970622083333333       0.417123750000000       -3.13691555398073     
  0.970622083333333       0.555498333333333       -2.96886595635585     
  0.970622083333333       0.693872916666667       -2.79907118918619     
  0.970622083333333       0.832247500000000       -2.63640017373468     
  0.970622083333333       0.970622083333333       -2.48376107229922     
  0.970622083333333        1.10899666666667       -2.34112402527681     
  0.970622083333333        1.24737125000000       -2.20779907646919     
  0.970622083333333        1.38574583333333       -2.08252107315084     
  0.970622083333333        1.52412041666667       -1.96473997251787     
  0.970622083333333        1.66249500000000       -1.85371315072078     
  0.970622083333333        1.80086958333333       -1.74929465990703     
  0.970622083333333        1.93924416666667       -1.65106763358793     
  0.970622083333333        2.07761875000000       -1.55902791742859     
  0.970622083333333        2.21599333333333       -1.47348223033345     
  0.970622083333333        2.35436791666667       -1.39443847583196     
  0.970622083333333        2.49274250000000       -1.32140984076297     
  0.970622083333333        2.63111708333333       -1.25395348543136     
  0.970622083333333        2.76949166666667       -1.19165907659115     
  0.970622083333333        2.90786625000000       -1.13414041756121     
  0.970622083333333        3.04624083333333       -1.08102957400221     
  0.970622083333333        3.18461541666667       -1.03197309919920     
  0.970622083333333        3.32299000000000      -0.986630065281610     
   1.10899666666667       2.000000000000000E-003  -3.17103742043718     
   1.10899666666667       0.140374583333333       -3.14322995839153     
   1.10899666666667       0.278749166666667       -3.06481806511617     
   1.10899666666667       0.417123750000000       -2.95014072167544     
   1.10899666666667       0.555498333333333       -2.81471169995409     
   1.10899666666667       0.693872916666667       -2.67227166938762     
   1.10899666666667       0.832247500000000       -2.53090121435921     
   1.10899666666667       0.970622083333333       -2.39446601693748     
   1.10899666666667        1.10899666666667       -2.26478245263021     
   1.10899666666667        1.24737125000000       -2.14168924884273     
   1.10899666666667        1.38574583333333       -2.02509939511034     
   1.10899666666667        1.52412041666667       -1.91465719471700     
   1.10899666666667        1.66249500000000       -1.80991217490031     
   1.10899666666667        1.80086958333333       -1.71090089278187     
   1.10899666666667        1.93924416666667       -1.61753466768096     
   1.10899666666667        2.07761875000000       -1.52982502259073     
   1.10899666666667        2.21599333333333       -1.44835196587806     
   1.10899666666667        2.35436791666667       -1.37278406190963     
   1.10899666666667        2.49274250000000       -1.30273113240172     
   1.10899666666667        2.63111708333333       -1.23782659003015     
   1.10899666666667        2.76949166666667       -1.17772098990826     
   1.10899666666667        2.90786625000000       -1.12207758961582     
   1.10899666666667        3.04624083333333       -1.07056946405009     
   1.10899666666667        3.18461541666667       -1.02287795636977     
   1.10899666666667        3.32299000000000      -0.978692334412097     
   1.24737125000000       2.000000000000000E-003  -2.93603423362511     
   1.24737125000000       0.140374583333333       -2.91632967679283     
   1.24737125000000       0.278749166666667       -2.85724122153866     
   1.24737125000000       0.417123750000000       -2.76814277085537     
   1.24737125000000       0.555498333333333       -2.65934184660920     
   1.24737125000000       0.693872916666667       -2.54076721921721     
   1.24737125000000       0.832247500000000       -2.41929590840680     
   1.24737125000000       0.970622083333333       -2.29911825742547     
   1.24737125000000        1.10899666666667       -2.18229508171654     
   1.24737125000000        1.24737125000000       -2.06994608988733     
   1.24737125000000        1.38574583333333       -1.96231430787218     
   1.24737125000000        1.52412041666667       -1.85944780491777     
   1.24737125000000        1.66249500000000       -1.76132132682570     
   1.24737125000000        1.80086958333333       -1.66811895662069     
   1.24737125000000        1.93924416666667       -1.57988479355372     
   1.24737125000000        2.07761875000000       -1.49715654266957     
   1.24737125000000        2.21599333333333       -1.42003623108316     
   1.24737125000000        2.35436791666667       -1.34821567519323     
   1.24737125000000        2.49274250000000       -1.28139634692799     
   1.24737125000000        2.63111708333333       -1.21928525117258     
   1.24737125000000        2.76949166666667       -1.16159267681911     
   1.24737125000000        2.90786625000000       -1.10803107110642     
   1.24737125000000        3.04624083333333       -1.05831473957844     
   1.24737125000000        3.18461541666667       -1.01216028583343     
   1.24737125000000        3.32299000000000      -0.969287772961206     
   1.38574583333333       2.000000000000000E-003  -2.72522594049840     
   1.38574583333333       0.140374583333333       -2.71009987134138     
   1.38574583333333       0.278749166666667       -2.66477693404505     
   1.38574583333333       0.417123750000000       -2.59518846257375     
   1.38574583333333       0.555498333333333       -2.50715955923470     
   1.38574583333333       0.693872916666667       -2.40868981152235     
   1.38574583333333       0.832247500000000       -2.30490076677178     
   1.38574583333333       0.970622083333333       -2.19976785751764     
   1.38574583333333        1.10899666666667       -2.09568524083748     
   1.38574583333333        1.24737125000000       -1.99395438259659     
   1.38574583333333        1.38574583333333       -1.89532590096388     
   1.38574583333333        1.52412041666667       -1.80019990233247     
   1.38574583333333        1.66249500000000       -1.70892819222532     
   1.38574583333333        1.80086958333333       -1.62174199139633     
   1.38574583333333        1.93924416666667       -1.53916388185208     
   1.38574583333333        2.07761875000000       -1.46166715774866     
   1.38574583333333        2.21599333333333       -1.38907501321847     
   1.38574583333333        2.35436791666667       -1.32118416616949     
   1.38574583333333        2.49274250000000       -1.25778066694860     
   1.38574583333333        2.63111708333333       -1.19864045805196     
   1.38574583333333        2.76949166666667       -1.14353066441309     
   1.38574583333333        2.90786625000000       -1.09221122419690     
   1.38574583333333        3.04624083333333       -1.04443675685966     
   1.38574583333333        3.18461541666667      -0.999958704794467     
   1.38574583333333        3.32299000000000      -0.958527816303832     
   1.52412041666667       2.000000000000000E-003  -2.53483582033419     
   1.52412041666667       0.140374583333333       -2.52344366590575     
   1.52412041666667       0.278749166666667       -2.48814510665242     
   1.52412041666667       0.417123750000000       -2.43258079710661     
   1.52412041666667       0.555498333333333       -2.36104998148393     
   1.52412041666667       0.693872916666667       -2.27898694079409     
   1.52412041666667       0.832247500000000       -2.19058668814127     
   1.52412041666667       0.970622083333333       -2.09903332642365     
   1.52412041666667        1.10899666666667       -2.00674794825182     
   1.52412041666667        1.24737125000000       -1.91512007353308     
   1.52412041666667        1.38574583333333       -1.82529730655366     
   1.52412041666667        1.52412041666667       -1.73797184113348     
   1.52412041666667        1.66249500000000       -1.65356530826316     
   1.52412041666667        1.80086958333333       -1.57272188118582     
   1.52412041666667        1.93924416666667       -1.49619279720196     
   1.52412041666667        2.07761875000000       -1.42397561883040     
   1.52412041666667        2.21599333333333       -1.35599185165960     
   1.52412041666667        2.35436791666667       -1.29213084180545     
   1.52412041666667        2.49274250000000       -1.23225439702001     
   1.52412041666667        2.63111708333333       -1.17620123904535     
   1.52412041666667        2.76949166666667       -1.12379115463492     
   1.52412041666667        2.90786625000000       -1.07482882531628     
   1.52412041666667        3.04624083333333       -1.02910742855116     
   1.52412041666667        3.18461541666667      -0.986412157315903     
   1.52412041666667        3.32299000000000      -0.946523793712494     
   1.66249500000000       2.000000000000000E-003  -2.36280558677301     
   1.66249500000000       0.140374583333333       -2.35394687953488     
   1.66249500000000       0.278749166666667       -2.32583624582271     
   1.66249500000000       0.417123750000000       -2.28105952619991     
   1.66249500000000       0.555498333333333       -2.22234716597687     
   1.66249500000000       0.693872916666667       -2.15371372029070     
   1.66249500000000       0.832247500000000       -2.07805635473149     
   1.66249500000000       0.970622083333333       -1.99834735380197     
   1.66249500000000        1.10899666666667       -1.91677866435704     
   1.66249500000000        1.24737125000000       -1.83472580639978     
   1.66249500000000        1.38574583333333       -1.75346265220860     
   1.66249500000000        1.52412041666667       -1.67371471741803     
   1.66249500000000        1.66249500000000       -1.59630934235050     
   1.66249500000000        1.80086958333333       -1.52222180745253     
   1.66249500000000        1.93924416666667       -1.45164676033264     
   1.66249500000000        2.07761875000000       -1.38466119113085     
   1.66249500000000        2.21599333333333       -1.32128215208163     
   1.66249500000000        2.35436791666667       -1.26147753096567     
   1.66249500000000        2.49274250000000       -1.20517476148204     
   1.66249500000000        2.63111708333333       -1.15226814051519     
   1.66249500000000        2.76949166666667       -1.10262508357623     
   1.66249500000000        2.90786625000000       -1.05609156849079     
   1.66249500000000        3.04624083333333       -1.01249701269216     
   1.66249500000000        3.18461541666667      -0.971658817793438     
   1.66249500000000        3.32299000000000      -0.933386767547441     
   1.80086958333333       2.000000000000000E-003  -2.20655666992267     
   1.80086958333333       0.140374583333333       -2.19959086059465     
   1.80086958333333       0.278749166666667       -2.17683091497519     
   1.80086958333333       0.417123750000000       -2.14005995442225     
   1.80086958333333       0.555498333333333       -2.09160305849123     
   1.80086958333333       0.693872916666667       -2.03341744928964     
   1.80086958333333       0.832247500000000       -1.96872984279979     
   1.80086958333333       0.970622083333333       -1.89948635858312     
   1.80086958333333        1.10899666666667       -1.82740132180338     
   1.80086958333333        1.24737125000000       -1.75415873827962     
   1.80086958333333        1.38574583333333       -1.68089436118061     
   1.80086958333333        1.52412041666667       -1.60866591604558     
   1.80086958333333        1.66249500000000       -1.53855312744767     
   1.80086958333333        1.80086958333333       -1.47095680896411     
   1.80086958333333        1.93924416666667       -1.40613519237840     
   1.80086958333333        2.07761875000000       -1.34425409705921     
   1.80086958333333        2.21599333333333       -1.28540520072958     
   1.80086958333333        2.35436791666667       -1.22961993473729     
   1.80086958333333        2.49274250000000       -1.17688054301500     
   1.80086958333333        2.63111708333333       -1.12712913945986     
   1.80086958333333        2.76949166666667       -1.08027527369174     
   1.80086958333333        2.90786625000000       -1.03620238944568     
   1.80086958333333        3.04624083333333      -0.994773509229808     
   1.80086958333333        3.18461541666667      -0.955836433678227     
   1.80086958333333        3.32299000000000      -0.919228674796620     
   1.93924416666667       2.000000000000000E-003  -2.06363694199229     
   1.93924416666667       0.140374583333333       -2.05820220189641     
   1.93924416666667       0.278749166666667       -2.03980824771296     
   1.93924416666667       0.417123750000000       -2.00924045868178     
   1.93924416666667       0.555498333333333       -1.96842220830179     
   1.93924416666667       0.693872916666667       -1.91924618972424     
   1.93924416666667       0.832247500000000       -1.86343988048642     
   1.93924416666667       0.970622083333333       -1.80307297612115     
   1.93924416666667        1.10899666666667       -1.73963860766494     
   1.93924416666667        1.24737125000000       -1.67439180817372     
   1.93924416666667        1.38574583333333       -1.60896139382035     
   1.93924416666667        1.52412041666667       -1.54429874209231     
   1.93924416666667        1.66249500000000       -1.48100539008850     
   1.93924416666667        1.80086958333333       -1.41952916424232     
   1.93924416666667        1.93924416666667       -1.36019527408967     
   1.93924416666667        2.07761875000000       -1.30323007105804     
   1.93924416666667        2.21599333333333       -1.24877948870832     
   1.93924416666667        2.35436791666667       -1.19692369147303     
   1.93924416666667        2.49274250000000       -1.14768894386569     
   1.93924416666667        2.63111708333333       -1.10105736488858     
   1.93924416666667        2.76949166666667       -1.05697505138557     
   1.93924416666667        2.90786625000000       -1.01535897505757     
   1.93924416666667        3.04624083333333      -0.976103015822162     
   1.93924416666667        3.18461541666667      -0.939083445241239     
   1.93924416666667        3.32299000000000      -0.904164097970099     
   2.07761875000000       2.000000000000000E-003  -1.93277519592668     
   2.07761875000000       0.140374583333333       -1.92839536685992     
   2.07761875000000       0.278749166666667       -1.91304711499842     
   2.07761875000000       0.417123750000000       -1.88756702094125     
   2.07761875000000       0.555498333333333       -1.85315440752066     
   2.07761875000000       0.693872916666667       -1.81088500917836     
   2.07761875000000       0.832247500000000       -1.76284844299494     
   2.07761875000000       0.970622083333333       -1.71002194672046     
   2.07761875000000        1.10899666666667       -1.65429215846822     
   2.07761875000000        1.24737125000000       -1.59696585601274     
   2.07761875000000        1.38574583333333       -1.53901662222959     
   2.07761875000000        1.52412041666667       -1.48122616619631     
   2.07761875000000        1.66249500000000       -1.42421043801722     
   2.07761875000000        1.80086958333333       -1.36844553516995     
   2.07761875000000        1.93924416666667       -1.31429080741861     
   2.07761875000000        2.07761875000000       -1.26200857680512     
   2.07761875000000        2.21599333333333       -1.21178070312863     
   2.07761875000000        2.35436791666667       -1.16372242861484     
   2.07761875000000        2.49274250000000       -1.11789391984901     
   2.07761875000000        2.63111708333333       -1.07430988008962     
   2.07761875000000        2.76949166666667       -1.03294758748329     
   2.07761875000000        2.90786625000000      -0.993753716920073     
   2.07761875000000        3.04624083333333      -0.956650298755655     
   2.07761875000000        3.18461541666667      -0.921540134211395     
   2.07761875000000        3.32299000000000      -0.888311916040631     
   2.21599333333333       2.000000000000000E-003  -1.81223819416188     
   2.21599333333333       0.140374583333333       -1.80874145263703     
   2.21599333333333       0.278749166666667       -1.79596083513920     
   2.21599333333333       0.417123750000000       -1.77431588782468     
   2.21599333333333       0.555498333333333       -1.74480759942955     
   2.21599333333333       0.693872916666667       -1.70864665705213     
   2.21599333333333       0.832247500000000       -1.66715677728012     
   2.21599333333333       0.970622083333333       -1.62160335370620     
   2.21599333333333        1.10899666666667       -1.57314644322945     
   2.21599333333333        1.24737125000000       -1.52281229298001     
   2.21599333333333        1.38574583333333       -1.47147857465757     
   2.21599333333333        1.52412041666667       -1.41987611672728     
   2.21599333333333        1.66249500000000       -1.36859976418007     
   2.21599333333333        1.80086958333333       -1.31812325472127     
   2.21599333333333        1.93924416666667       -1.26881507592467     
   2.21599333333333        2.07761875000000       -1.22095371137213     
   2.21599333333333        2.21599333333333       -1.17474152781200     
   2.21599333333333        2.35436791666667       -1.13031700233562     
   2.21599333333333        2.49274250000000       -1.08776522930494     
   2.21599333333333        2.63111708333333       -1.04712679919721     
   2.21599333333333        2.76949166666667       -1.00840525519974     
   2.21599333333333        2.90786625000000      -0.971573415585580     
   2.21599333333333        3.04624083333333      -0.936578890996166     
   2.21599333333333        3.18461541666667      -0.903349116198716     
   2.21599333333333        3.32299000000000      -0.871796154805873     
   2.35436791666667       2.000000000000000E-003  -1.70095396868880     
   2.35436791666667       0.140374583333333       -1.69815817344854     
   2.35436791666667       0.278749166666667       -1.68742831750179     
   2.35436791666667       0.417123750000000       -1.66924385034193     
   2.35436791666667       0.555498333333333       -1.64433402574558     
   2.35436791666667       0.693872916666667       -1.61360005989573     
   2.35436791666667       0.832247500000000       -1.57803173300547     
   2.35436791666667       0.970622083333333       -1.53863252341717     
   2.35436791666667        1.10899666666667       -1.49636173163045     
   2.35436791666667        1.24737125000000       -1.45209603972919     
   2.35436791666667        1.38574583333333       -1.40660859626665     
   2.35436791666667        1.52412041666667       -1.36056161811454     
   2.35436791666667        1.66249500000000       -1.31450819921342     
   2.35436791666667        1.80086958333333       -1.26889968583910     
   2.35436791666667        1.93924416666667       -1.22409593110874     
   2.35436791666667        2.07761875000000       -1.18037660128383     
   2.35436791666667        2.21599333333333       -1.13795235665350     
   2.35436791666667        2.35436791666667       -1.09697519260912     
   2.35436791666667        2.49274250000000       -1.05754756293416     
   2.35436791666667        2.63111708333333       -1.01973016538532     
   2.35436791666667        2.76949166666667      -0.983548470846379     
   2.35436791666667        2.90786625000000      -0.948998222850530     
   2.35436791666667        3.04624083333333      -0.916050216899159     
   2.35436791666667        3.18461541666667      -0.884654683669895     
   2.35436791666667        3.32299000000000      -0.854745550144504     
   2.49274250000000       2.000000000000000E-003  -1.59968616996151     
   2.49274250000000       0.140374583333333       -1.59749573377094     
   2.49274250000000       0.278749166666667       -1.58855081689039     
   2.49274250000000       0.417123750000000       -1.57321334306360     
   2.49274250000000       0.555498333333333       -1.55203895914105     
   2.49274250000000       0.693872916666667       -1.52572527935769     
   2.49274250000000       0.832247500000000       -1.49505409675619     
   2.49274250000000       0.970622083333333       -1.46083640781832     
   2.49274250000000        1.10899666666667       -1.42386647110472     
   2.49274250000000        1.24737125000000       -1.38488786102649     
   2.49274250000000        1.38574583333333       -1.34457169566038     
   2.49274250000000        1.52412041666667       -1.30350544273814     
   2.49274250000000        1.66249500000000       -1.26218993090185     
   2.49274250000000        1.80086958333333       -1.22104211914891     
   2.49274250000000        1.93924416666667       -1.18040147276494     
   2.49274250000000        2.07761875000000       -1.14053821910733     
   2.49274250000000        2.21599333333333       -1.10166218712793     
   2.49274250000000        2.35436791666667       -1.06393132714602     
   2.49274250000000        2.49274250000000       -1.02745935541086     
   2.49274250000000        2.63111708333333      -0.992322271250718     
   2.49274250000000        2.76949166666667      -0.958563747062204     
   2.49274250000000        2.90786625000000      -0.926199581248590     
   2.49274250000000        3.04624083333333      -0.895221519542830     
   2.49274250000000        3.18461541666667      -0.865600785094060     
   2.49274250000000        3.32299000000000      -0.837291616474803     
   2.63111708333333       2.000000000000000E-003  -1.50734567010881     
   2.63111708333333       0.140374583333333       -1.50563670418030     
   2.63111708333333       0.278749166666667       -1.49812463976054     
   2.63111708333333       0.417123750000000       -1.48509110163539     
   2.63111708333333       0.555498333333333       -1.46697093388080     
   2.63111708333333       0.693872916666667       -1.44431606677834     
   2.63111708333333       0.832247500000000       -1.41775389414336     
   2.63111708333333       0.970622083333333       -1.38794595035523     
   2.63111708333333        1.10899666666667       -1.35555144758243     
   2.63111708333333        1.24737125000000       -1.32119842916771     
   2.63111708333333        1.38574583333333       -1.28546351820157     
   2.63111708333333        1.52412041666667       -1.24885987043401     
   2.63111708333333        1.66249500000000       -1.21183209608919     
   2.63111708333333        1.80086958333333       -1.17475653322833     
   2.63111708333333        1.93924416666667       -1.13794520180711     
   2.63111708333333        2.07761875000000       -1.10165191431696     
   2.63111708333333        2.21599333333333       -1.06607927475670     
   2.63111708333333        2.35436791666667       -1.03138560662634     
   2.63111708333333        2.49274250000000      -0.997691177218685     
   2.63111708333333        2.63111708333333      -0.965083401857820     
   2.63111708333333        2.76949166666667      -0.933620991567911     
   2.63111708333333        2.90786625000000      -0.903337226452436     
   2.63111708333333        3.04624083333333      -0.874242675900326     
   2.63111708333333        3.18461541666667      -0.846327736493247     
   2.63111708333333        3.32299000000000      -0.819565322495548     
   2.76949166666667       2.000000000000000E-003  -1.42274554544662     
   2.76949166666667       0.140374583333333       -1.42142798205496     
   2.76949166666667       0.278749166666667       -1.41509142677622     
   2.76949166666667       0.417123750000000       -1.40396045699918     
   2.76949166666667       0.555498333333333       -1.38838281814405     
   2.76949166666667       0.693872916666667       -1.36880298679201     
   2.76949166666667       0.832247500000000       -1.34573103268317     
   2.76949166666667       0.970622083333333       -1.31971076321264     
   2.76949166666667        1.10899666666667       -1.29129056059555     
   2.76949166666667        1.24737125000000       -1.26099928572898     
   2.76949166666667        1.38574583333333       -1.22932845662220     
   2.76949166666667        1.52412041666667       -1.19672086972621     
   2.76949166666667        1.66249500000000       -1.16356505558415     
   2.76949166666667        1.80086958333333       -1.13019447703981     
   2.76949166666667        1.93924416666667       -1.09689015732404     
   2.76949166666667        2.07761875000000       -1.06388541187153     
   2.76949166666667        2.21599333333333       -1.03137149613758     
   2.76949166666667        2.35436791666667      -0.999503222717965     
   2.76949166666667        2.49274250000000      -0.968403900573015     
   2.76949166666667        2.63111708333333      -0.938169265538492     
   2.76949166666667        2.76949166666667      -0.908870365298780     
   2.76949166666667        2.90786625000000      -0.880555599144547     
   2.76949166666667        3.04624083333333      -0.853252267515970     
   2.76949166666667        3.18461541666667      -0.826968045523207     
   2.76949166666667        3.32299000000000      -0.801692760000890     
   2.90786625000000       2.000000000000000E-003  -1.34500323642830     
   2.90786625000000       0.140374583333333       -1.34400927124486     
   2.90786625000000       0.278749166666667       -1.33865367302179     
   2.90786625000000       0.417123750000000       -1.32911898271537     
   2.90786625000000       0.555498333333333       -1.31568802204039     
   2.90786625000000       0.693872916666667       -1.29872369834342     
   2.90786625000000       0.832247500000000       -1.27864487315893     
   2.90786625000000       0.970622083333333       -1.25590119136017     
   2.90786625000000        1.10899666666667       -1.23094950301263     
   2.90786625000000        1.24737125000000       -1.20423388043393     
   2.90786625000000        1.38574583333333       -1.17617042884365     
   2.90786625000000        1.52412041666667       -1.14713728461418     
   2.90786625000000        1.66249500000000       -1.11746951307916     
   2.90786625000000        1.80086958333333       -1.08745812269652     
   2.90786625000000        1.93924416666667       -1.05735212242650     
   2.90786625000000        2.07761875000000       -1.02736245295014     
   2.90786625000000        2.21599333333333      -0.997666691258976     
   2.90786625000000        2.35436791666667      -0.968413623903948     
   2.90786625000000        2.49274250000000      -0.939727062512998     
   2.90786625000000        2.63111708333333      -0.911708588667304     
   2.90786625000000        2.76949166666667      -0.884439217054671     
   2.90786625000000        2.90786625000000      -0.857980214564111     
   2.90786625000000        3.04624083333333      -0.832373477626630     
   2.90786625000000        3.18461541666667      -0.807641934089220     
   2.90786625000000        3.32299000000000      -0.783790399180777     
   3.04624083333333       2.000000000000000E-003  -1.27344467866643     
   3.04624083333333       0.140374583333333       -1.27272140412175     
   3.04624083333333       0.278749166666667       -1.26819457451358     
   3.04624083333333       0.417123750000000       -1.26001470690516     
   3.04624083333333       0.555498333333333       -1.24841474429559     
   3.04624083333333       0.693872916666667       -1.23369403690152     
   3.04624083333333       0.832247500000000       -1.21619905060387     
   3.04624083333333       0.970622083333333       -1.19630302910776     
   3.04624083333333        1.10899666666667       -1.17438671577201     
   3.04624083333333        1.24737125000000       -1.15082182713405     
   3.04624083333333        1.38574583333333       -1.12595837834130     
   3.04624083333333        1.52412041666667       -1.10011631415167     
   3.04624083333333        1.66249500000000       -1.07358130251073     
   3.04624083333333        1.80086958333333       -1.04660407451323     
   3.04624083333333        1.93924416666667       -1.01940238568849     
   3.04624083333333        2.07761875000000      -0.992164541263679     
   3.04624083333333        2.21599333333333      -0.965053461505690     
   3.04624083333333        2.35436791666667      -0.938210433684030     
   3.04624083333333        2.49274250000000      -0.911757962936808     
   3.04624083333333        2.63111708333333      -0.885801446023809     
   3.04624083333333        2.76949166666667      -0.860429698715249     
   3.04624083333333        2.90786625000000      -0.835714623439451     
   3.04624083333333        3.04624083333333      -0.811710473877983     
   3.04624083333333        3.18461541666667      -0.788453238167813     
   3.04624083333333        3.32299000000000      -0.765960620825734     
   3.18461541666667       2.000000000000000E-003  -1.20753436818137     
   3.18461541666667       0.140374583333333       -1.20703901423805     
   3.18461541666667       0.278749166666667       -1.20321784319106     
   3.18461541666667       0.417123750000000       -1.19619625909790     
   3.18461541666667       0.555498333333333       -1.18616787384472     
   3.18461541666667       0.693872916666667       -1.17338140209044     
   3.18461541666667       0.832247500000000       -1.15812483671922     
   3.18461541666667       0.970622083333333       -1.14070870378828     
   3.18461541666667        1.10899666666667       -1.12145014083684     
   3.18461541666667        1.24737125000000       -1.10065924334158     
   3.18461541666667        1.38574583333333       -1.07862865697045     
   3.18461541666667        1.52412041666667       -1.05562685054977     
   3.18461541666667        1.66249500000000       -1.03189497597023     
   3.18461541666667        1.80086958333333       -1.00764678002678     
   3.18461541666667        1.93924416666667      -0.983070729464075     
   3.18461541666667        2.07761875000000      -0.958333368700981     
   3.18461541666667        2.21599333333333      -0.933582949537761     
   3.18461541666667        2.35436791666667      -0.908952531642114     
   3.18461541666667        2.49274250000000      -0.884562012881551     
   3.18461541666667        2.63111708333333      -0.860518860056730     
   3.18461541666667        2.76949166666667      -0.836917620377473     
   3.18461541666667        2.90786625000000      -0.813838553481028     
   3.18461541666667        3.04624083333333      -0.791345895499578     
   3.18461541666667        3.18461541666667      -0.769486329546340     
   3.18461541666667        3.32299000000000      -0.748288188722467     
   3.32299000000000       2.000000000000000E-003  -1.14682316202817     
   3.32299000000000       0.140374583333333       -1.14652003070453     
   3.32299000000000       0.278749166666667       -1.14330182592095     
   3.32299000000000       0.417123750000000       -1.13727378869164     
   3.32299000000000       0.555498333333333       -1.12859786288405     
   3.32299000000000       0.693872916666667       -1.11748171580802     
   3.32299000000000       0.832247500000000       -1.10416549541221     
   3.32299000000000       0.970622083333333       -1.08890783751584     
   3.32299000000000        1.10899666666667       -1.07197260910437     
   3.32299000000000        1.24737125000000       -1.05361763642867     
   3.32299000000000        1.38574583333333       -1.03408627418893     
   3.32299000000000        1.52412041666667       -1.01360219855754     
   3.32299000000000        1.66249500000000      -0.992367330776473     
   3.32299000000000        1.80086958333333      -0.970562389841137     
   3.32299000000000        1.93924416666667      -0.948349285163644     
   3.32299000000000        2.07761875000000      -0.925874423088053     
   3.32299000000000        2.21599333333333      -0.903272020129270     
   3.32299000000000        2.35436791666667      -0.880666673111664     
   3.32299000000000        2.49274250000000      -0.858174695360032     
   3.32299000000000        2.63111708333333      -0.835904039655138     
   3.32299000000000        2.76949166666667      -0.813952939166346     
   3.32299000000000        2.90786625000000      -0.792407657110598     
   3.32299000000000        3.04624083333333      -0.771339905754081     
   3.32299000000000        3.18461541666667      -0.750804553567824     
   3.32299000000000        3.32299000000000      -0.730838183252100     
