  2.000000000000000E-003  2.000000000000000E-003  -2.49596266473410     
  2.000000000000000E-003  0.140374583333333       -2.46616444877029     
  2.000000000000000E-003  0.278749166666667       -2.41369492288747     
  2.000000000000000E-003  0.417123750000000       -2.33194587854036     
  2.000000000000000E-003  0.555498333333333       -2.21802781127078     
  2.000000000000000E-003  0.693872916666667       -2.08816140614412     
  2.000000000000000E-003  0.832247500000000       -1.95787991099873     
  2.000000000000000E-003  0.970622083333333       -1.83555705105090     
  2.000000000000000E-003   1.10899666666667       -1.72337956053119     
  2.000000000000000E-003   1.24737125000000       -1.62124179454315     
  2.000000000000000E-003   1.38574583333333       -1.52805939471615     
  2.000000000000000E-003   1.52412041666667       -1.44241115357099     
  2.000000000000000E-003   1.66249500000000       -1.36320474236752     
  2.000000000000000E-003   1.80086958333333       -1.28956569216294     
  2.000000000000000E-003   1.93924416666667       -1.22082456968683     
  2.000000000000000E-003   2.07761875000000       -1.15659232266748     
  2.000000000000000E-003   2.21599333333333       -1.09656016404417     
  2.000000000000000E-003   2.35436791666667       -1.04057027013301     
  2.000000000000000E-003   2.49274250000000      -0.988592400139250     
  2.000000000000000E-003   2.63111708333333      -0.940360491063919     
  2.000000000000000E-003   2.76949166666667      -0.895603036388690     
  2.000000000000000E-003   2.90786625000000      -0.854078799437631     
  2.000000000000000E-003   3.04624083333333      -0.815567042078589     
  2.000000000000000E-003   3.18461541666667      -0.779859443190368     
  2.000000000000000E-003   3.32299000000000      -0.746753801777849     
  0.140374583333333       2.000000000000000E-003  -2.54774160297977     
  0.140374583333333       0.140374583333333       -2.50127160481979     
  0.140374583333333       0.278749166666667       -2.42779407564399     
  0.140374583333333       0.417123750000000       -2.34226614902231     
  0.140374583333333       0.555498333333333       -2.23252408346490     
  0.140374583333333       0.693872916666667       -2.10781050723070     
  0.140374583333333       0.832247500000000       -1.98162771469102     
  0.140374583333333       0.970622083333333       -1.86154477669673     
  0.140374583333333        1.10899666666667       -1.75039626702719     
  0.140374583333333        1.24737125000000       -1.64831877859139     
  0.140374583333333        1.38574583333333       -1.55443102935050     
  0.140374583333333        1.52412041666667       -1.46768553480772     
  0.140374583333333        1.66249500000000       -1.38709726543614     
  0.140374583333333        1.80086958333333       -1.31191964638875     
  0.140374583333333        1.93924416666667       -1.24155464412017     
  0.140374583333333        2.07761875000000       -1.17563574438787     
  0.140374583333333        2.21599333333333       -1.11390768702210     
  0.140374583333333        2.35436791666667       -1.05624202508344     
  0.140374583333333        2.49274250000000       -1.00277178325054     
  0.140374583333333        2.63111708333333      -0.953216672443980     
  0.140374583333333        2.76949166666667      -0.907276026045027     
  0.140374583333333        2.90786625000000      -0.864687498016553     
  0.140374583333333        3.04624083333333      -0.825214927831868     
  0.140374583333333        3.18461541666667      -0.788638665932561     
  0.140374583333333        3.32299000000000      -0.754748114946168     
  0.278749166666667       2.000000000000000E-003  -2.55693032965657     
  0.278749166666667       0.140374583333333       -2.51240781081878     
  0.278749166666667       0.278749166666667       -2.42688031771673     
  0.278749166666667       0.417123750000000       -2.33335368538864     
  0.278749166666667       0.555498333333333       -2.22687016743812     
  0.278749166666667       0.693872916666667       -2.11031306241459     
  0.278749166666667       0.832247500000000       -1.99143771115527     
  0.278749166666667       0.970622083333333       -1.87670165202790     
  0.278749166666667        1.10899666666667       -1.76869577403826     
  0.278749166666667        1.24737125000000       -1.66819079176419     
  0.278749166666667        1.38574583333333       -1.57473931673080     
  0.278749166666667        1.52412041666667       -1.48770386697496     
  0.278749166666667        1.66249500000000       -1.40633510793998     
  0.278749166666667        1.80086958333333       -1.33008823597116     
  0.278749166666667        1.93924416666667       -1.25853288847557     
  0.278749166666667        2.07761875000000       -1.19125137012094     
  0.278749166666667        2.21599333333333       -1.12815320846694     
  0.278749166666667        2.35436791666667       -1.06911761589008     
  0.278749166666667        2.49274250000000       -1.01446100744022     
  0.278749166666667        2.63111708333333      -0.963851941054922     
  0.278749166666667        2.76949166666667      -0.916966427516978     
  0.278749166666667        2.90786625000000      -0.873525043911081     
  0.278749166666667        3.04624083333333      -0.833278984522140     
  0.278749166666667        3.18461541666667      -0.795999228876408     
  0.278749166666667        3.32299000000000      -0.761468285127280     
  0.417123750000000       2.000000000000000E-003  -2.51823188305648     
  0.417123750000000       0.140374583333333       -2.48545164194447     
  0.417123750000000       0.278749166666667       -2.40822604611888     
  0.417123750000000       0.417123750000000       -2.31474222600746     
  0.417123750000000       0.555498333333333       -2.21224801065474     
  0.417123750000000       0.693872916666667       -2.10324792859726     
  0.417123750000000       0.832247500000000       -1.99232208248377     
  0.417123750000000       0.970622083333333       -1.88365722405039     
  0.417123750000000        1.10899666666667       -1.77975357153087     
  0.417123750000000        1.24737125000000       -1.68162602373071     
  0.417123750000000        1.38574583333333       -1.58933766159680     
  0.417123750000000        1.52412041666667       -1.50253723854368     
  0.417123750000000        1.66249500000000       -1.42087966027045     
  0.417123750000000        1.80086958333333       -1.34394477119650     
  0.417123750000000        1.93924416666667       -1.27149341530719     
  0.417123750000000        2.07761875000000       -1.20323712780578     
  0.417123750000000        2.21599333333333       -1.13904378190325     
  0.417123750000000        2.35436791666667       -1.07901698937275     
  0.417123750000000        2.49274250000000       -1.02351031590533     
  0.417123750000000        2.63111708333333      -0.972141035424089     
  0.417123750000000        2.76949166666667      -0.924569418078082     
  0.417123750000000        2.90786625000000      -0.880504103516846     
  0.417123750000000        3.04624083333333      -0.839687102063330     
  0.417123750000000        3.18461541666667      -0.801882388112893     
  0.417123750000000        3.32299000000000      -0.766867309950495     
  0.555498333333333       2.000000000000000E-003  -2.46750309415439     
  0.555498333333333       0.140374583333333       -2.44314998103702     
  0.555498333333333       0.278749166666667       -2.37799976846103     
  0.555498333333333       0.417123750000000       -2.29161429787951     
  0.555498333333333       0.555498333333333       -2.19470669327052     
  0.555498333333333       0.693872916666667       -2.09228478278560     
  0.555498333333333       0.832247500000000       -1.98786719317990     
  0.555498333333333       0.970622083333333       -1.88477503173073     
  0.555498333333333        1.10899666666667       -1.78484989277408     
  0.555498333333333        1.24737125000000       -1.68928168371302     
  0.555498333333333        1.38574583333333       -1.59837619080478     
  0.555498333333333        1.52412041666667       -1.51218738456124     
  0.555498333333333        1.66249500000000       -1.43058077450354     
  0.555498333333333        1.80086958333333       -1.35339963138807     
  0.555498333333333        1.93924416666667       -1.28033162155327     
  0.555498333333333        2.07761875000000       -1.21143303397992     
  0.555498333333333        2.21599333333333       -1.14641784046977     
  0.555498333333333        2.35436791666667       -1.08582053225928     
  0.555498333333333        2.49274250000000       -1.02982025724230     
  0.555498333333333        2.63111708333333      -0.978001242554628     
  0.555498333333333        2.76949166666667      -0.930016549342271     
  0.555498333333333        2.90786625000000      -0.885568643413305     
  0.555498333333333        3.04624083333333      -0.844394199654041     
  0.555498333333333        3.18461541666667      -0.806252782692470     
  0.555498333333333        3.32299000000000      -0.770918445114102     
  0.693872916666667       2.000000000000000E-003  -2.41559437932734     
  0.693872916666667       0.140374583333333       -2.39628704979524     
  0.693872916666667       0.278749166666667       -2.34198335997598     
  0.693872916666667       0.417123750000000       -2.26459789634794     
  0.693872916666667       0.555498333333333       -2.17474293542123     
  0.693872916666667       0.693872916666667       -2.07834106083113     
  0.693872916666667       0.832247500000000       -1.97954899316526     
  0.693872916666667       0.970622083333333       -1.88110158620884     
  0.693872916666667        1.10899666666667       -1.78471484327991     
  0.693872916666667        1.24737125000000       -1.69155089068531     
  0.693872916666667        1.38574583333333       -1.60213532970864     
  0.693872916666667        1.52412041666667       -1.51672611575942     
  0.693872916666667        1.66249500000000       -1.43547149994729     
  0.693872916666667        1.80086958333333       -1.35814139734251     
  0.693872916666667        1.93924416666667       -1.28492529142239     
  0.693872916666667        2.07761875000000       -1.21555643009241     
  0.693872916666667        2.21599333333333       -1.15019199671815     
  0.693872916666667        2.35436791666667       -1.08947185712296     
  0.693872916666667        2.49274250000000       -1.03334329940824     
  0.693872916666667        2.63111708333333      -0.981392980938272     
  0.693872916666667        2.76949166666667      -0.933275475410769     
  0.693872916666667        2.90786625000000      -0.888692957358295     
  0.693872916666667        3.04624083333333      -0.847380677692712     
  0.693872916666667        3.18461541666667      -0.809096417247146     
  0.693872916666667        3.32299000000000      -0.773612811162325     
  0.832247500000000       2.000000000000000E-003  -2.36280558677301     
  0.832247500000000       0.140374583333333       -2.34722996109809     
  0.832247500000000       0.278749166666667       -2.30095393377183     
  0.832247500000000       0.417123750000000       -2.23279647794704     
  0.832247500000000       0.555498333333333       -2.15029693656225     
  0.832247500000000       0.693872916666667       -2.06025096246130     
  0.832247500000000       0.832247500000000       -1.96671806114703     
  0.832247500000000       0.970622083333333       -1.87241435594770     
  0.832247500000000        1.10899666666667       -1.77925802262759     
  0.832247500000000        1.24737125000000       -1.68836597764604     
  0.832247500000000        1.38574583333333       -1.60045973852359     
  0.832247500000000        1.52412041666667       -1.51607622548312     
  0.832247500000000        1.66249500000000       -1.43530822920058     
  0.832247500000000        1.80086958333333       -1.35829177488049     
  0.832247500000000        1.93924416666667       -1.28506413650538     
  0.832247500000000        2.07761875000000       -1.21574863933532     
  0.832247500000000        2.21599333333333       -1.15039805531840     
  0.832247500000000        2.35436791666667       -1.08997660954022     
  0.832247500000000        2.49274250000000       -1.03408247772837     
  0.832247500000000        2.63111708333333      -0.982318134298859     
  0.832247500000000        2.76949166666667      -0.934347932512876     
  0.832247500000000        2.90786625000000      -0.889879297027418     
  0.832247500000000        3.04624083333333      -0.848649726332606     
  0.832247500000000        3.18461541666667      -0.810417688638780     
  0.832247500000000        3.32299000000000      -0.774956188530025     
  0.970622083333333       2.000000000000000E-003  -2.30850063083294     
  0.970622083333333       0.140374583333333       -2.29496260934095     
  0.970622083333333       0.278749166666667       -2.25547296284070     
  0.970622083333333       0.417123750000000       -2.19512201507758     
  0.970622083333333       0.555498333333333       -2.12021919139111     
  0.970622083333333       0.693872916666667       -2.03648678452622     
  0.970622083333333       0.832247500000000       -1.94809467184044     
  0.970622083333333       0.970622083333333       -1.85793664413702     
  0.970622083333333        1.10899666666667       -1.76781966449841     
  0.970622083333333        1.24737125000000       -1.67940945457140     
  0.970622083333333        1.38574583333333       -1.59316593537994     
  0.970622083333333        1.52412041666667       -1.51002083016831     
  0.970622083333333        1.66249500000000       -1.43001345946351     
  0.970622083333333        1.80086958333333       -1.35366245019295     
  0.970622083333333        1.93924416666667       -1.28079323168021     
  0.970622083333333        2.07761875000000       -1.21169816393637     
  0.970622083333333        2.21599333333333       -1.14711908712241     
  0.970622083333333        2.35436791666667       -1.08739824283694     
  0.970622083333333        2.49274250000000       -1.03208777148474     
  0.970622083333333        2.63111708333333      -0.980816755845178     
  0.970622083333333        2.76949166666667      -0.933266583265682     
  0.970622083333333        2.90786625000000      -0.889154736869171     
  0.970622083333333        3.04624083333333      -0.848224143786979     
  0.970622083333333        3.18461541666667      -0.810236129824004     
  0.970622083333333        3.32299000000000      -0.774965687506632     
   1.10899666666667       2.000000000000000E-003  -2.25037758172207     
   1.10899666666667       0.140374583333333       -2.23885644798310     
   1.10899666666667       0.278749166666667       -2.20441373136132     
   1.10899666666667       0.417123750000000       -2.15103050978089     
   1.10899666666667       0.555498333333333       -2.08313355327854     
   1.10899666666667       0.693872916666667       -2.00581050200733     
   1.10899666666667       0.832247500000000       -1.92279711833011     
   1.10899666666667       0.970622083333333       -1.83672593881483     
   1.10899666666667        1.10899666666667       -1.75020758558712     
   1.10899666666667        1.24737125000000       -1.66420164464916     
   1.10899666666667        1.38574583333333       -1.58006964841813     
   1.10899666666667        1.52412041666667       -1.49848176002928     
   1.10899666666667        1.66249500000000       -1.41959176421191     
   1.10899666666667        1.80086958333333       -1.34405507697542     
   1.10899666666667        1.93924416666667       -1.27205380413457     
   1.10899666666667        2.07761875000000       -1.20379275271748     
   1.10899666666667        2.21599333333333       -1.14050040841057     
   1.10899666666667        2.35436791666667       -1.08185165673715     
   1.10899666666667        2.49274250000000       -1.02745098662255     
   1.10899666666667        2.63111708333333      -0.976962838556363     
   1.10899666666667        2.76949166666667      -0.930091375058227     
   1.10899666666667        2.90786625000000      -0.886567901518273     
   1.10899666666667        3.04624083333333      -0.846143286414055     
   1.10899666666667        3.18461541666667      -0.808583493252185     
   1.10899666666667        3.32299000000000      -0.773666916603072     
   1.24737125000000       2.000000000000000E-003  -2.18783432889029     
   1.24737125000000       0.140374583333333       -2.17845076960082     
   1.24737125000000       0.278749166666667       -2.14830760829357     
   1.24737125000000       0.417123750000000       -2.10081625465290     
   1.24737125000000       0.555498333333333       -2.03931996195641     
   1.24737125000000       0.693872916666667       -1.96801741675182     
   1.24737125000000       0.832247500000000       -1.89026758456904     
   1.24737125000000       0.970622083333333       -1.80884235871176     
   1.24737125000000        1.10899666666667       -1.72569575969862     
   1.24737125000000        1.24737125000000       -1.64274224407453     
   1.24737125000000        1.38574583333333       -1.56099494909495     
   1.24737125000000        1.52412041666667       -1.48120169036722     
   1.24737125000000        1.66249500000000       -1.40385502147266     
   1.24737125000000        1.80086958333333       -1.32963114498096     
   1.24737125000000        1.93924416666667       -1.25877945837271     
   1.24737125000000        2.07761875000000       -1.19236964740397     
   1.24737125000000        2.21599333333333       -1.13074075335704     
   1.24737125000000        2.35436791666667       -1.07349543169814     
   1.24737125000000        2.49274250000000       -1.02029985720861     
   1.24737125000000        2.63111708333333      -0.970859782155553     
   1.24737125000000        2.76949166666667      -0.924905968962209     
   1.24737125000000        2.90786625000000      -0.882186060758488     
   1.24737125000000        3.04624083333333      -0.842460624819544     
   1.24737125000000        3.18461541666667      -0.805501631432963     
   1.24737125000000        3.32299000000000      -0.771092097983744     
   1.38574583333333       2.000000000000000E-003  -2.12192552377544     
   1.38574583333333       0.140374583333333       -2.11340877196842     
   1.38574583333333       0.278749166666667       -2.08681417399146     
   1.38574583333333       0.417123750000000       -2.04475232416972     
   1.38574583333333       0.555498333333333       -1.98870579946804     
   1.38574583333333       0.693872916666667       -1.92313084205194     
   1.38574583333333       0.832247500000000       -1.85052158302666     
   1.38574583333333       0.970622083333333       -1.77364062293452     
   1.38574583333333        1.10899666666667       -1.69462879152912     
   1.38574583333333        1.24737125000000       -1.61499047124531     
   1.38574583333333        1.38574583333333       -1.53594866226223     
   1.38574583333333        1.52412041666667       -1.45836641277613     
   1.38574583333333        1.66249500000000       -1.38306410592755     
   1.38574583333333        1.80086958333333       -1.31052922889008     
   1.38574583333333        1.93924416666667       -1.24177603751816     
   1.38574583333333        2.07761875000000       -1.17773115405795     
   1.38574583333333        2.21599333333333       -1.11808046970574     
   1.38574583333333        2.35436791666667       -1.06252335650749     
   1.38574583333333        2.49274250000000       -1.01079197330362     
   1.38574583333333        2.63111708333333      -0.962636037971449     
   1.38574583333333        2.76949166666667      -0.917814612402173     
   1.38574583333333        2.90786625000000      -0.876092888014437     
   1.38574583333333        3.04624083333333      -0.837242152339372     
   1.38574583333333        3.18461541666667      -0.801041391793526     
   1.38574583333333        3.32299000000000      -0.767279330962810     
   1.52412041666667       2.000000000000000E-003  -2.05173181528238     
   1.52412041666667       0.140374583333333       -2.04441810990465     
   1.52412041666667       0.278749166666667       -2.02087652082611     
   1.52412041666667       0.417123750000000       -1.98287589562767     
   1.52412041666667       0.555498333333333       -1.93204532481018     
   1.52412041666667       0.693872916666667       -1.87170378752540     
   1.52412041666667       0.832247500000000       -1.80439541292318     
   1.52412041666667       0.970622083333333       -1.73220676504257     
   1.52412041666667        1.10899666666667       -1.65734846930260     
   1.52412041666667        1.24737125000000       -1.58108930122630     
   1.52412041666667        1.38574583333333       -1.50503704205474     
   1.52412041666667        1.52412041666667       -1.43023618539378     
   1.52412041666667        1.66249500000000       -1.35726539410906     
   1.52412041666667        1.80086958333333       -1.28725935766499     
   1.52412041666667        1.93924416666667       -1.22162808933208     
   1.52412041666667        2.07761875000000       -1.16021141590714     
   1.52412041666667        2.21599333333333       -1.10278918726648     
   1.52412041666667        2.35436791666667       -1.04915601061913     
   1.52412041666667        2.49274250000000      -0.999109024329328     
   1.52412041666667        2.63111708333333      -0.952441219659645     
   1.52412041666667        2.76949166666667      -0.908939600933782     
   1.52412041666667        2.90786625000000      -0.868386931579035     
   1.52412041666667        3.04624083333333      -0.830565633785361     
   1.52412041666667        3.18461541666667      -0.795262477036043     
   1.52412041666667        3.32299000000000      -0.762272934698297     
   1.66249500000000       2.000000000000000E-003  -1.97813365384921     
   1.66249500000000       0.140374583333333       -1.97160556901354     
   1.66249500000000       0.278749166666667       -1.95042484417303     
   1.66249500000000       0.417123750000000       -1.91630893243818     
   1.66249500000000       0.555498333333333       -1.87009623762439     
   1.66249500000000       0.693872916666667       -1.81490144894062     
   1.66249500000000       0.832247500000000       -1.75213628729020     
   1.66249500000000       0.970622083333333       -1.68434602556252     
   1.66249500000000        1.10899666666667       -1.61366724180867     
   1.66249500000000        1.24737125000000       -1.54123785366384     
   1.66249500000000        1.38574583333333       -1.46874862059645     
   1.66249500000000        1.52412041666667       -1.39696793161966     
   1.66249500000000        1.66249500000000       -1.32715484209647     
   1.66249500000000        1.80086958333333       -1.26107189806297     
   1.66249500000000        1.93924416666667       -1.19876604051969     
   1.66249500000000        2.07761875000000       -1.14015909417786     
   1.66249500000000        2.21599333333333       -1.08515443621110     
   1.66249500000000        2.35436791666667       -1.03363314124086     
   1.66249500000000        2.49274250000000      -0.985451683548970     
   1.66249500000000        2.63111708333333      -0.940442753896596     
   1.66249500000000        2.76949166666667      -0.898419244543356     
   1.66249500000000        2.90786625000000      -0.859180612966335     
   1.66249500000000        3.04624083333333      -0.822520445426229     
   1.66249500000000        3.18461541666667      -0.788233983663365     
   1.66249500000000        3.32299000000000      -0.756124561544162     
   1.80086958333333       2.000000000000000E-003  -1.90151751141387     
   1.80086958333333       0.140374583333333       -1.89568355672780     
   1.80086958333333       0.278749166666667       -1.87646001195660     
   1.80086958333333       0.417123750000000       -1.84530178095598     
   1.80086958333333       0.555498333333333       -1.80381280162766     
   1.80086958333333       0.693872916666667       -1.75235021376825     
   1.80086958333333       0.832247500000000       -1.69455678167410     
   1.80086958333333       0.970622083333333       -1.63162375746096     
   1.80086958333333        1.10899666666667       -1.56487917786341     
   1.80086958333333        1.24737125000000       -1.49642173449453     
   1.80086958333333        1.38574583333333       -1.42756544953992     
   1.80086958333333        1.52412041666667       -1.35970547678907     
   1.80086958333333        1.66249500000000       -1.29459312405599     
   1.80086958333333        1.80086958333333       -1.23251801880591     
   1.80086958333333        1.93924416666667       -1.17360748183120     
   1.80086958333333        2.07761875000000       -1.11792377024790     
   1.80086958333333        2.21599333333333       -1.06547247630425     
   1.80086958333333        2.35436791666667       -1.01620734152351     
   1.80086958333333        2.49274250000000      -0.970035230078451     
   1.80086958333333        2.63111708333333      -0.926822933509806     
   1.80086958333333        2.76949166666667      -0.886406061180627     
   1.80086958333333        2.90786625000000      -0.848599388549547     
   1.80086958333333        3.04624083333333      -0.813207587571372     
   1.80086958333333        3.18461541666667      -0.780035165483980     
   1.80086958333333        3.32299000000000      -0.748894607390275     
   1.93924416666667       2.000000000000000E-003  -1.82144530460034     
   1.93924416666667       0.140374583333333       -1.81649272888718     
   1.93924416666667       0.278749166666667       -1.79975544217839     
   1.93924416666667       0.417123750000000       -1.77116814396735     
   1.93924416666667       0.555498333333333       -1.73281583307922     
   1.93924416666667       0.693872916666667       -1.68619063946544     
   1.93924416666667       0.832247500000000       -1.63236336336075     
   1.93924416666667       0.970622083333333       -1.57373906892751     
   1.93924416666667        1.10899666666667       -1.51168270196845     
   1.93924416666667        1.24737125000000       -1.44729417078503     
   1.93924416666667        1.38574583333333       -1.38327190147839     
   1.93924416666667        1.52412041666667       -1.32073456691110     
   1.93924416666667        1.66249500000000       -1.26020311095717     
   1.93924416666667        1.80086958333333       -1.20205298463165     
   1.93924416666667        1.93924416666667       -1.14654562922469     
   1.93924416666667        2.07761875000000       -1.09384744230638     
   1.93924416666667        2.21599333333333       -1.04404189217569     
   1.93924416666667        2.35436791666667      -0.997139120737014     
   1.93924416666667        2.49274250000000      -0.953085741687445     
   1.93924416666667        2.63111708333333      -0.911776061394168     
   1.93924416666667        2.76949166666667      -0.873064800451479     
   1.93924416666667        2.90786625000000      -0.836780623072965     
   1.93924416666667        3.04624083333333      -0.802739380769811     
   1.93924416666667        3.18461541666667      -0.770755905755742     
   1.93924416666667        3.32299000000000      -0.740653383214512     
   2.07761875000000       2.000000000000000E-003  -1.73942901941328     
   2.07761875000000       0.140374583333333       -1.73492685816854     
   2.07761875000000       0.278749166666667       -1.71948604615754     
   2.07761875000000       0.417123750000000       -1.69394819279235     
   2.07761875000000       0.555498333333333       -1.65934299434177     
   2.07761875000000       0.693872916666667       -1.61584235997262     
   2.07761875000000       0.832247500000000       -1.56686669854801     
   2.07761875000000       0.970622083333333       -1.51219140563482     
   2.07761875000000        1.10899666666667       -1.45491158414896     
   2.07761875000000        1.24737125000000       -1.39658510819375     
   2.07761875000000        1.38574583333333       -1.33822444991553     
   2.07761875000000        1.52412041666667       -1.28062945793920     
   2.07761875000000        1.66249500000000       -1.22442287070150     
   2.07761875000000        1.80086958333333       -1.17007929825251     
   2.07761875000000        1.93924416666667       -1.11794650206748     
   2.07761875000000        2.07761875000000       -1.06826083968724     
   2.07761875000000        2.21599333333333       -1.02115964795037     
   2.07761875000000        2.35436791666667      -0.976693009624461     
   2.07761875000000        2.49274250000000      -0.934836470244960     
   2.07761875000000        2.63111708333333      -0.895505280497584     
   2.07761875000000        2.76949166666667      -0.858569880982469     
   2.07761875000000        2.90786625000000      -0.823871745121444     
   2.07761875000000        3.04624083333333      -0.791238398526414     
   2.07761875000000        3.18461541666667      -0.760496430966414     
   2.07761875000000        3.32299000000000      -0.731481560989874     
   2.21599333333333       2.000000000000000E-003  -1.65558351398205     
   2.21599333333333       0.140374583333333       -1.65168700314649     
   2.21599333333333       0.278749166666667       -1.63799223448939     
   2.21599333333333       0.417123750000000       -1.61447966770175     
   2.21599333333333       0.555498333333333       -1.58243032705178     
   2.21599333333333       0.693872916666667       -1.54335112196133     
   2.21599333333333       0.832247500000000       -1.49877617745401     
   2.21599333333333       0.970622083333333       -1.45019980256589     
   2.21599333333333        1.10899666666667       -1.39893778475152     
   2.21599333333333        1.24737125000000       -1.34614566085769     
   2.21599333333333        1.38574583333333       -1.29280803363987     
   2.21599333333333        1.52412041666667       -1.23974392135878     
   2.21599333333333        1.66249500000000       -1.18761857388573     
   2.21599333333333        1.80086958333333       -1.13695627681865     
   2.21599333333333        1.93924416666667       -1.08815213687227     
   2.21599333333333        2.07761875000000       -1.04148300740889     
   2.21599333333333        2.21599333333333      -0.997118623918726     
   2.21599333333333        2.35436791666667      -0.955134033082510     
   2.21599333333333        2.49274250000000      -0.915523911847191     
   2.21599333333333        2.63111708333333      -0.878218707963562     
   2.21599333333333        2.76949166666667      -0.843101917201189     
   2.21599333333333        2.90786625000000      -0.810027383752671     
   2.21599333333333        3.04624083333333      -0.778835335260194     
   2.21599333333333        3.18461541666667      -0.749365949279723     
   2.21599333333333        3.32299000000000      -0.721469553799958     
   2.35436791666667       2.000000000000000E-003  -1.57130573770697     
   2.35436791666667       0.140374583333333       -1.56791899231359     
   2.35436791666667       0.278749166666667       -1.55568406817796     
   2.35436791666667       0.417123750000000       -1.53517385211050     
   2.35436791666667       0.555498333333333       -1.50725839462769     
   2.35436791666667       0.693872916666667       -1.47301030074034     
   2.35436791666667       0.832247500000000       -1.43360514283051     
   2.35436791666667       0.970622083333333       -1.39023402065646     
   2.35436791666667        1.10899666666667       -1.34403755128391     
   2.35436791666667        1.24737125000000       -1.29606267605338     
   2.35436791666667        1.38574583333333       -1.24723844414044     
   2.35436791666667        1.52412041666667       -1.19836502137110     
   2.35436791666667        1.66249500000000       -1.15011073712676     
   2.35436791666667        1.80086958333333       -1.10301369711550     
   2.35436791666667        1.93924416666667       -1.05748627316942     
   2.35436791666667        2.07761875000000       -1.01382204726527     
   2.35436791666667        2.21599333333333      -0.972205381670572     
   2.35436791666667        2.35436791666667      -0.932723814719237     
   2.35436791666667        2.49274250000000      -0.895383150673257     
   2.35436791666667        2.63111708333333      -0.860124639211304     
   2.35436791666667        2.76949166666667      -0.826843203657425     
   2.35436791666667        2.90786625000000      -0.795405399515831     
   2.35436791666667        3.04624083333333      -0.765665729514911     
   2.35436791666667        3.18461541666667      -0.737480116490325     
   2.35436791666667        3.32299000000000      -0.710715703191342     
   2.49274250000000       2.000000000000000E-003  -1.49236250195337     
   2.49274250000000       0.140374583333333       -1.48953670372506     
   2.49274250000000       0.278749166666667       -1.47894127923743     
   2.49274250000000       0.417123750000000       -1.46101792428955     
   2.49274250000000       0.555498333333333       -1.43644718743922     
   2.49274250000000       0.693872916666667       -1.40608664059782     
   2.49274250000000       0.832247500000000       -1.37090227645149     
   2.49274250000000       0.970622083333333       -1.33190343668200     
   2.49274250000000        1.10899666666667       -1.29008799588031     
   2.49274250000000        1.24737125000000       -1.24640043568050     
   2.49274250000000        1.38574583333333       -1.20170229947487     
   2.49274250000000        1.52412041666667       -1.15675290981706     
   2.49274250000000        1.66249500000000       -1.11219797658244     
   2.49274250000000        1.80086958333333       -1.06856426025928     
   2.49274250000000        1.93924416666667       -1.02625920537078     
   2.49274250000000        2.07761875000000      -0.985575036425883     
   2.49274250000000        2.21599333333333      -0.946697051442421     
   2.49274250000000        2.35436791666667      -0.909715767879453     
   2.49274250000000        2.49274250000000      -0.874642281875622     
   2.49274250000000        2.63111708333333      -0.841425835789968     
   2.49274250000000        2.76949166666667      -0.809972282242456     
   2.49274250000000        2.90786625000000      -0.780161980816107     
   2.49274250000000        3.04624083333333      -0.751865715477692     
   2.49274250000000        3.18461541666667      -0.724957477882590     
   2.49274250000000        3.32299000000000      -0.699323383406029     
   2.63111708333333       2.000000000000000E-003  -1.41825644268255     
   2.63111708333333       0.140374583333333       -1.41586965143652     
   2.63111708333333       0.278749166666667       -1.40657357649265     
   2.63111708333333       0.417123750000000       -1.39072520710430     
   2.63111708333333       0.555498333333333       -1.36888016999212     
   2.63111708333333       0.693872916666667       -1.34174957917988     
   2.63111708333333       0.832247500000000       -1.31014998500895     
   2.63111708333333       0.970622083333333       -1.27495287302093     
   2.63111708333333        1.10899666666667       -1.23703857582271     
   2.63111708333333        1.24737125000000       -1.19725737438881     
   2.63111708333333        1.38574583333333       -1.15639873944459     
   2.63111708333333        1.52412041666667       -1.11516850072029     
   2.63111708333333        1.66249500000000       -1.07417325194424     
   2.63111708333333        1.80086958333333       -1.03391128166617     
   2.63111708333333        1.93924416666667      -0.994769480047906     
   2.63111708333333        2.07761875000000      -0.957025786992113     
   2.63111708333333        2.21599333333333      -0.920856706447883     
   2.63111708333333        2.35436791666667      -0.886349209390193     
   2.63111708333333        2.49274250000000      -0.853516048387596     
   2.63111708333333        2.63111708333333      -0.822313205540897     
   2.63111708333333        2.76949166666667      -0.792657986573649     
   2.63111708333333        2.90786625000000      -0.764446225707770     
   2.63111708333333        3.04624083333333      -0.737567209854649     
   2.63111708333333        3.18461541666667      -0.711915256942502     
   2.63111708333333        3.32299000000000      -0.687397345906548     
   2.76949166666667       2.000000000000000E-003  -1.34769497223291     
   2.76949166666667       0.140374583333333       -1.34567050846452     
   2.76949166666667       0.278749166666667       -1.33745900304293     
   2.76949166666667       0.417123750000000       -1.32335980600185     
   2.76949166666667       0.555498333333333       -1.30384184821587     
   2.76949166666667       0.693872916666667       -1.27951139972190     
   2.76949166666667       0.832247500000000       -1.25107333573616     
   2.76949166666667       0.970622083333333       -1.21929019234266     
   2.76949166666667        1.10899666666667       -1.18494264733623     
   2.76949166666667        1.24737125000000       -1.14879402078568     
   2.76949166666667        1.38574583333333       -1.11156034435029     
   2.76949166666667        1.52412041666667       -1.07388674426115     
   2.76949166666667        1.66249500000000       -1.03633038308516     
   2.76949166666667        1.80086958333333      -0.999349936964219     
   2.76949166666667        1.93924416666667      -0.963301420849784     
   2.76949166666667        2.07761875000000      -0.928440003470147     
   2.76949166666667        2.21599333333333      -0.894927219596217     
   2.76949166666667        2.35436791666667      -0.862842692712610     
   2.76949166666667        2.49274250000000      -0.832199174308434     
   2.76949166666667        2.63111708333333      -0.802959455486933     
   2.76949166666667        2.76949166666667      -0.775053578626163     
   2.76949166666667        2.90786625000000      -0.748394816606617     
   2.76949166666667        3.04624083333333      -0.722893108020893     
   2.76949166666667        3.18461541666667      -0.698465017390448     
   2.76949166666667        3.32299000000000      -0.675039777864009     
   2.90786625000000       2.000000000000000E-003  -1.27998209953659     
   2.90786625000000       0.140374583333333       -1.27827124937226     
   2.90786625000000       0.278749166666667       -1.27100726135636     
   2.90786625000000       0.417123750000000       -1.25844762624709     
   2.90786625000000       0.555498333333333       -1.24099714153981     
   2.90786625000000       0.693872916666667       -1.21918224820296     
   2.90786625000000       0.832247500000000       -1.19361941865598     
   2.90786625000000       0.970622083333333       -1.16498065985179     
   2.90786625000000        1.10899666666667       -1.13395899480053     
   2.90786625000000        1.24737125000000       -1.10123628397298     
   2.90786625000000        1.38574583333333       -1.06745514207999     
   2.90786625000000        1.52412041666667       -1.03319613911099     
   2.90786625000000        1.66249500000000      -0.998961006664879     
   2.90786625000000        1.80086958333333      -0.965162190535131     
   2.90786625000000        1.93924416666667      -0.932118753419492     
   2.90786625000000        2.07761875000000      -0.900058295949255     
   2.90786625000000        2.21599333333333      -0.869124214986178     
   2.90786625000000        2.35436791666667      -0.839387272956410     
   2.90786625000000        2.49274250000000      -0.810860153471684     
   2.90786625000000        2.63111708333333      -0.783513479075625     
   2.90786625000000        2.76949166666667      -0.757291712439170     
   2.90786625000000        2.90786625000000      -0.732127478304556     
   2.90786625000000        3.04624083333333      -0.707953127342254     
   2.90786625000000        3.18461541666667      -0.684708782619423     
   2.90786625000000        3.32299000000000      -0.662346607595498     
   3.04624083333333       2.000000000000000E-003  -1.21486446834229     
   3.04624083333333       0.140374583333333       -1.21343502044455     
   3.04624083333333       0.278749166666667       -1.20702745119557     
   3.04624083333333       0.417123750000000       -1.19586654697384     
   3.04624083333333       0.555498333333333       -1.18030619594824     
   3.04624083333333       0.693872916666667       -1.16080789252521     
   3.04624083333333       0.832247500000000       -1.13791384560637     
   3.04624083333333       0.970622083333333       -1.11221706893173     
   3.04624083333333        1.10899666666667       -1.08433083910197     
   3.04624083333333        1.24737125000000       -1.05485967560761     
   3.04624083333333        1.38574583333333       -1.02437362610049     
   3.04624083333333        1.52412041666667      -0.993387212120409     
   3.04624083333333        1.66249500000000      -0.962343953501004     
   3.04624083333333        1.80086958333333      -0.931606959040279     
   3.04624083333333        1.93924416666667      -0.901455645095830     
   3.04624083333333        2.07761875000000      -0.872088222107854     
   3.04624083333333        2.21599333333333      -0.843629184658954     
   3.04624083333333        2.35436791666667      -0.816140682954088     
   3.04624083333333        2.49274250000000      -0.789636382956145     
   3.04624083333333        2.63111708333333      -0.764096279786948     
   3.04624083333333        2.76949166666667      -0.739480944248552     
   3.04624083333333        2.90786625000000      -0.715743864762270     
   3.04624083333333        3.04624083333333      -0.692840880479568     
   3.04624083333333        3.18461541666667      -0.670736144557183     
   3.04624083333333        3.32299000000000      -0.649404549035495     
   3.18461541666667       2.000000000000000E-003  -1.15239467664146     
   3.18461541666667       0.140374583333333       -1.15122322807761     
   3.18461541666667       0.278749166666667       -1.14560546494303     
   3.18461541666667       0.417123750000000       -1.13573878424661     
   3.18461541666667       0.555498333333333       -1.12193392875197     
   3.18461541666667       0.693872916666667       -1.10459633680980     
   3.18461541666667       0.832247500000000       -1.08420262904243     
   3.18461541666667       0.970622083333333       -1.06127421801715     
   3.18461541666667        1.10899666666667       -1.03635012536027     
   3.18461541666667        1.24737125000000       -1.00996098777311     
   3.18461541666667        1.38574583333333      -0.982605978447552     
   3.18461541666667        1.52412041666667      -0.954734013534650     
   3.18461541666667        1.66249500000000      -0.926730194047893     
   3.18461541666667        1.80086958333333      -0.898907979495274     
   3.18461541666667        1.93924416666667      -0.871507122279264     
   3.18461541666667        2.07761875000000      -0.844696934848027     
   3.18461541666667        2.21599333333333      -0.818584044678746     
   3.18461541666667        2.35436791666667      -0.793223451789105     
   3.18461541666667        2.49274250000000      -0.768631477374336     
   3.18461541666667        2.63111708333333      -0.744799111618535     
   3.18461541666667        2.76949166666667      -0.721704350275281     
   3.18461541666667        2.90786625000000      -0.699322348988151     
   3.18461541666667        3.04624083333333      -0.677632594191746     
   3.18461541666667        3.18461541666667      -0.656622741694459     
   3.18461541666667        3.32299000000000      -0.636289246399950     
   3.32299000000000       2.000000000000000E-003  -1.09280686159188     
   3.32299000000000       0.140374583333333       -1.09187375519435     
   3.32299000000000       0.278749166666667       -1.08698944585645     
   3.32299000000000       0.417123750000000       -1.07832712963436     
   3.32299000000000       0.555498333333333       -1.06615914327540     
   3.32299000000000       0.693872916666667       -1.05084045512110     
   3.32299000000000       0.832247500000000       -1.03278780667517     
   3.32299000000000       0.970622083333333       -1.01245625506869     
   3.32299000000000        1.10899666666667      -0.990314997610205     
   3.32299000000000        1.24737125000000      -0.966824309793793     
   3.32299000000000        1.38574583333333      -0.942415223053973     
   3.32299000000000        1.52412041666667      -0.917473242129057     
   3.32299000000000        1.66249500000000      -0.892326989568501     
   3.32299000000000        1.80086958333333      -0.867242201304110     
   3.32299000000000        1.93924416666667      -0.842421017092063     
   3.32299000000000        2.07761875000000      -0.818006049824977     
   3.32299000000000        2.21599333333333      -0.794088317289423     
   3.32299000000000        2.35436791666667      -0.770717817768498     
   3.32299000000000        2.49274250000000      -0.747915360579628     
   3.32299000000000        2.63111708333333      -0.725684246314914     
   3.32299000000000        2.76949166666667      -0.704020534155704     
   3.32299000000000        2.90786625000000      -0.682920919533465     
   3.32299000000000        3.04624083333333      -0.662387638460260     
   3.32299000000000        3.18461541666667      -0.642430262294369     
   3.32299000000000        3.32299000000000      -0.623064686447836     
