  2.000000000000000E-003  2.000000000000000E-003  -1.77767492650916     
  2.000000000000000E-003  0.140374583333333       -1.78757894484001     
  2.000000000000000E-003  0.278749166666667       -1.76929023598189     
  2.000000000000000E-003  0.417123750000000       -1.73368441025877     
  2.000000000000000E-003  0.555498333333333       -1.68974038085129     
  2.000000000000000E-003  0.693872916666667       -1.64261990882645     
  2.000000000000000E-003  0.832247500000000       -1.59563125975924     
  2.000000000000000E-003  0.970622083333333       -1.55011789600511     
  2.000000000000000E-003   1.10899666666667       -1.50558476483714     
  2.000000000000000E-003   1.24737125000000       -1.46136709312847     
  2.000000000000000E-003   1.38574583333333       -1.41712277373870     
  2.000000000000000E-003   1.52412041666667       -1.37214359813090     
  2.000000000000000E-003   1.66249500000000       -1.32635949720518     
  2.000000000000000E-003   1.80086958333333       -1.27974152610866     
  2.000000000000000E-003   1.93924416666667       -1.23212689039056     
  2.000000000000000E-003   2.07761875000000       -1.18404411346310     
  2.000000000000000E-003   2.21599333333333       -1.13567361062575     
  2.000000000000000E-003   2.35436791666667       -1.08762737434823     
  2.000000000000000E-003   2.49274250000000       -1.04182727748491     
  2.000000000000000E-003   2.63111708333333      -0.998207523088688     
  2.000000000000000E-003   2.76949166666667      -0.956428225379192     
  2.000000000000000E-003   2.90786625000000      -0.916317494979071     
  2.000000000000000E-003   3.04624083333333      -0.877828523200431     
  2.000000000000000E-003   3.18461541666667      -0.840996325847990     
  2.000000000000000E-003   3.32299000000000      -0.805896528137106     
  0.140374583333333       2.000000000000000E-003  -1.78776106942591     
  0.140374583333333       0.140374583333333       -1.81047940870845     
  0.140374583333333       0.278749166666667       -1.78627768626394     
  0.140374583333333       0.417123750000000       -1.74925620090007     
  0.140374583333333       0.555498333333333       -1.71010622430809     
  0.140374583333333       0.693872916666667       -1.66927592790405     
  0.140374583333333       0.832247500000000       -1.62749282847591     
  0.140374583333333       0.970622083333333       -1.58510731392476     
  0.140374583333333        1.10899666666667       -1.54217809781329     
  0.140374583333333        1.24737125000000       -1.49845147548463     
  0.140374583333333        1.38574583333333       -1.45356934552962     
  0.140374583333333        1.52412041666667       -1.40753032527231     
  0.140374583333333        1.66249500000000       -1.36022997965323     
  0.140374583333333        1.80086958333333       -1.31186315066795     
  0.140374583333333        1.93924416666667       -1.26239349984875     
  0.140374583333333        2.07761875000000       -1.21222847067086     
  0.140374583333333        2.21599333333333       -1.16177392834051     
  0.140374583333333        2.35436791666667       -1.11161476551474     
  0.140374583333333        2.49274250000000       -1.06400644529797     
  0.140374583333333        2.63111708333333       -1.01876417991933     
  0.140374583333333        2.76949166666667      -0.975481998114655     
  0.140374583333333        2.90786625000000      -0.933953741356530     
  0.140374583333333        3.04624083333333      -0.894118331282761     
  0.140374583333333        3.18461541666667      -0.856008357635529     
  0.140374583333333        3.32299000000000      -0.819703106175026     
  0.278749166666667       2.000000000000000E-003  -1.76956730184674     
  0.278749166666667       0.140374583333333       -1.78640072835668     
  0.278749166666667       0.278749166666667       -1.77312166022368     
  0.278749166666667       0.417123750000000       -1.74712767181858     
  0.278749166666667       0.555498333333333       -1.71754612596615     
  0.278749166666667       0.693872916666667       -1.68524941998495     
  0.278749166666667       0.832247500000000       -1.64982594137691     
  0.278749166666667       0.970622083333333       -1.61184430276162     
  0.278749166666667        1.10899666666667       -1.57131036854161     
  0.278749166666667        1.24737125000000       -1.52867446424474     
  0.278749166666667        1.38574583333333       -1.48387117702942     
  0.278749166666667        1.52412041666667       -1.43727476832354     
  0.278749166666667        1.66249500000000       -1.38884398691134     
  0.278749166666667        1.80086958333333       -1.33901727422222     
  0.278749166666667        1.93924416666667       -1.28818598995095     
  0.278749166666667        2.07761875000000       -1.23607958188338     
  0.278749166666667        2.21599333333333       -1.18385556134521     
  0.278749166666667        2.35436791666667       -1.13182845954356     
  0.278749166666667        2.49274250000000       -1.08278929934833     
  0.278749166666667        2.63111708333333       -1.03624363216477     
  0.278749166666667        2.76949166666667      -0.991738340408821     
  0.278749166666667        2.90786625000000      -0.949045527974354     
  0.278749166666667        3.04624083333333      -0.908097317549035     
  0.278749166666667        3.18461541666667      -0.868927529050842     
  0.278749166666667        3.32299000000000      -0.831620102263471     
  0.417123750000000       2.000000000000000E-003  -1.73403323627868     
  0.417123750000000       0.140374583333333       -1.74946590009527     
  0.417123750000000       0.278749166666667       -1.74722511098725     
  0.417123750000000       0.417123750000000       -1.73439632606584     
  0.417123750000000       0.555498333333333       -1.71578462631391     
  0.417123750000000       0.693872916666667       -1.69211562646567     
  0.417123750000000       0.832247500000000       -1.66341680214546     
  0.417123750000000       0.970622083333333       -1.63000508566586     
  0.417123750000000        1.10899666666667       -1.59243163575381     
  0.417123750000000        1.24737125000000       -1.55141663779548     
  0.417123750000000        1.38574583333333       -1.50740258188249     
  0.417123750000000        1.52412041666667       -1.46056268447696     
  0.417123750000000        1.66249500000000       -1.41155560768312     
  0.417123750000000        1.80086958333333       -1.36055930439897     
  0.417123750000000        1.93924416666667       -1.30831698540765     
  0.417123750000000        2.07761875000000       -1.25493598818390     
  0.417123750000000        2.21599333333333       -1.20095317109239     
  0.417123750000000        2.35436791666667       -1.14770427485034     
  0.417123750000000        2.49274250000000       -1.09768482261166     
  0.417123750000000        2.63111708333333       -1.05020948671944     
  0.417123750000000        2.76949166666667       -1.00480618183505     
  0.417123750000000        2.90786625000000      -0.961242571916625     
  0.417123750000000        3.04624083333333      -0.919453667389276     
  0.417123750000000        3.18461541666667      -0.879478940173179     
  0.417123750000000        3.32299000000000      -0.841407956958051     
  0.555498333333333       2.000000000000000E-003  -1.69018958897848     
  0.555498333333333       0.140374583333333       -1.71041583420697     
  0.555498333333333       0.278749166666667       -1.71774236201477     
  0.555498333333333       0.417123750000000       -1.71588043932704     
  0.555498333333333       0.555498333333333       -1.70677166837833     
  0.555498333333333       0.693872916666667       -1.69087003569870     
  0.555498333333333       0.832247500000000       -1.66805412083642     
  0.555498333333333       0.970622083333333       -1.63925082976035     
  0.555498333333333        1.10899666666667       -1.60479918277700     
  0.555498333333333        1.24737125000000       -1.56579899449751     
  0.555498333333333        1.38574583333333       -1.52270098671881     
  0.555498333333333        1.52412041666667       -1.47626855016595     
  0.555498333333333        1.66249500000000       -1.42711048543659     
  0.555498333333333        1.80086958333333       -1.37589629223778     
  0.555498333333333        1.93924416666667       -1.32243375363171     
  0.555498333333333        2.07761875000000       -1.26816353161330     
  0.555498333333333        2.21599333333333       -1.21256835796480     
  0.555498333333333        2.35436791666667       -1.15880453213705     
  0.555498333333333        2.49274250000000       -1.10830412869039     
  0.555498333333333        2.63111708333333       -1.06031189866321     
  0.555498333333333        2.76949166666667       -1.01437047313177     
  0.555498333333333        2.90786625000000      -0.970262882886952     
  0.555498333333333        3.04624083333333      -0.927937569581006     
  0.555498333333333        3.18461541666667      -0.887444060801696     
  0.555498333333333        3.32299000000000      -0.848878098059444     
  0.693872916666667       2.000000000000000E-003  -1.64318614609933     
  0.693872916666667       0.140374583333333       -1.66969776389413     
  0.693872916666667       0.278749166666667       -1.68554920730034     
  0.693872916666667       0.417123750000000       -1.69230753362044     
  0.693872916666667       0.555498333333333       -1.69096221933943     
  0.693872916666667       0.693872916666667       -1.68141768559810     
  0.693872916666667       0.832247500000000       -1.66405027460007     
  0.693872916666667       0.970622083333333       -1.63949057602269     
  0.693872916666667        1.10899666666667       -1.60831870643304     
  0.693872916666667        1.24737125000000       -1.57155528236469     
  0.693872916666667        1.38574583333333       -1.52990106716017     
  0.693872916666667        1.52412041666667       -1.48417792826360     
  0.693872916666667        1.66249500000000       -1.43546628165732     
  0.693872916666667        1.80086958333333       -1.38352765254385     
  0.693872916666667        1.93924416666667       -1.33000337848091     
  0.693872916666667        2.07761875000000       -1.27446857528989     
  0.693872916666667        2.21599333333333       -1.21843556326311     
  0.693872916666667        2.35436791666667       -1.16485955844804     
  0.693872916666667        2.49274250000000       -1.11439390417856     
  0.693872916666667        2.63111708333333       -1.06631614935821     
  0.693872916666667        2.76949166666667       -1.02021737011402     
  0.693872916666667        2.90786625000000      -0.975915177212351     
  0.693872916666667        3.04624083333333      -0.933381091336973     
  0.693872916666667        3.18461541666667      -0.892678140949872     
  0.693872916666667        3.32299000000000      -0.853907927349774     
  0.832247500000000       2.000000000000000E-003  -1.59630934235051     
  0.832247500000000       0.140374583333333       -1.62802152047897     
  0.832247500000000       0.278749166666667       -1.65022408359446     
  0.832247500000000       0.417123750000000       -1.66369841489955     
  0.832247500000000       0.555498333333333       -1.66823040884228     
  0.832247500000000       0.693872916666667       -1.66413198015641     
  0.832247500000000       0.832247500000000       -1.65154228027136     
  0.832247500000000       0.970622083333333       -1.63085098167165     
  0.832247500000000        1.10899666666667       -1.60293395432242     
  0.832247500000000        1.24737125000000       -1.56851288956915     
  0.832247500000000        1.38574583333333       -1.52845481622540     
  0.832247500000000        1.52412041666667       -1.48404627470019     
  0.832247500000000        1.66249500000000       -1.43569288643583     
  0.832247500000000        1.80086958333333       -1.38419854837398     
  0.832247500000000        1.93924416666667       -1.33020038620913     
  0.832247500000000        2.07761875000000       -1.27479518581493     
  0.832247500000000        2.21599333333333       -1.21852885386097     
  0.832247500000000        2.35436791666667       -1.16578975481116     
  0.832247500000000        2.49274250000000       -1.11585712479681     
  0.832247500000000        2.63111708333333       -1.06812198841417     
  0.832247500000000        2.76949166666667       -1.02225204173795     
  0.832247500000000        2.90786625000000      -0.978114950195935     
  0.832247500000000        3.04624083333333      -0.935712341893573     
  0.832247500000000        3.18461541666667      -0.895122361868470     
  0.832247500000000        3.32299000000000      -0.856450940657797     
  0.970622083333333       2.000000000000000E-003  -1.55088748855568     
  0.970622083333333       0.140374583333333       -1.58572442866133     
  0.970622083333333       0.278749166666667       -1.61232432295868     
  0.970622083333333       0.417123750000000       -1.63036178630268     
  0.970622083333333       0.555498333333333       -1.63949690314082     
  0.970622083333333       0.693872916666667       -1.63963907020538     
  0.970622083333333       0.832247500000000       -1.63091664578245     
  0.970622083333333       0.970622083333333       -1.61377792464954     
  0.970622083333333        1.10899666666667       -1.58857104578663     
  0.970622083333333        1.24737125000000       -1.55684727475126     
  0.970622083333333        1.38574583333333       -1.51857238231737     
  0.970622083333333        1.52412041666667       -1.47562775599341     
  0.970622083333333        1.66249500000000       -1.42795111655043     
  0.970622083333333        1.80086958333333       -1.37734423442795     
  0.970622083333333        1.93924416666667       -1.32340091148633     
  0.970622083333333        2.07761875000000       -1.26763464535511     
  0.970622083333333        2.21599333333333       -1.21307689314951     
  0.970622083333333        2.35436791666667       -1.16170559727013     
  0.970622083333333        2.49274250000000       -1.11275853400383     
  0.970622083333333        2.63111708333333       -1.06577138711607     
  0.970622083333333        2.76949166666667       -1.02050691842993     
  0.970622083333333        2.90786625000000      -0.976892205515571     
  0.970622083333333        3.04624083333333      -0.934962124209697     
  0.970622083333333        3.18461541666667      -0.894809144615914     
  0.970622083333333        3.32299000000000      -0.856540625953614     
   1.10899666666667       2.000000000000000E-003  -1.50641886047949     
   1.10899666666667       0.140374583333333       -1.54285796823319     
   1.10899666666667       0.278749166666667       -1.57184917193800     
   1.10899666666667       0.417123750000000       -1.59284253585287     
   1.10899666666667       0.555498333333333       -1.60509556184201     
   1.10899666666667       0.693872916666667       -1.60851496004833     
   1.10899666666667       0.832247500000000       -1.60304609992186     
   1.10899666666667       0.970622083333333       -1.58861707157359     
   1.10899666666667        1.10899666666667       -1.56653794488617     
   1.10899666666667        1.24737125000000       -1.53672912703684     
   1.10899666666667        1.38574583333333       -1.50070788701196     
   1.10899666666667        1.52412041666667       -1.45939733525178     
   1.10899666666667        1.66249500000000       -1.41274237257343     
   1.10899666666667        1.80086958333333       -1.36253988378587     
   1.10899666666667        1.93924416666667       -1.30953926750040     
   1.10899666666667        2.07761875000000       -1.25458886691002     
   1.10899666666667        2.21599333333333       -1.20247024306144     
   1.10899666666667        2.35436791666667       -1.15288834544086     
   1.10899666666667        2.49274250000000       -1.10531541498299     
   1.10899666666667        2.63111708333333       -1.05944423857381     
   1.10899666666667        2.76949166666667       -1.01513950953433     
   1.10899666666667        2.90786625000000      -0.972389859432374     
   1.10899666666667        3.04624083333333      -0.931262135469105     
   1.10899666666667        3.18461541666667      -0.891859799568196     
   1.10899666666667        3.32299000000000      -0.854287482517263     
   1.24737125000000       2.000000000000000E-003  -1.46223564769692     
   1.24737125000000       0.140374583333333       -1.49916554477626     
   1.24737125000000       0.278749166666667       -1.52924549208661     
   1.24737125000000       0.417123750000000       -1.55185725921663     
   1.24737125000000       0.555498333333333       -1.56612275259830     
   1.24737125000000       0.693872916666667       -1.57177724037253     
   1.24737125000000       0.832247500000000       -1.56864977681945     
   1.24737125000000       0.970622083333333       -1.55691766522593     
   1.24737125000000        1.10899666666667       -1.53675334714431     
   1.24737125000000        1.24737125000000       -1.50932918676743     
   1.24737125000000        1.38574583333333       -1.47527824604073     
   1.24737125000000        1.52412041666667       -1.43528433637925     
   1.24737125000000        1.66249500000000       -1.38989113347025     
   1.24737125000000        1.80086958333333       -1.34066132654502     
   1.24737125000000        1.93924416666667       -1.28839771461708     
   1.24737125000000        2.07761875000000       -1.23663116443646     
   1.24737125000000        2.21599333333333       -1.18724168661907     
   1.24737125000000        2.35436791666667       -1.13975767308712     
   1.24737125000000        2.49274250000000       -1.09387650022745     
   1.24737125000000        2.63111708333333       -1.04944321531284     
   1.24737125000000        2.76949166666667       -1.00642023770633     
   1.24737125000000        2.90786625000000      -0.964852951230667     
   1.24737125000000        3.04624083333333      -0.924834761476554     
   1.24737125000000        3.18461541666667      -0.886474590079603     
   1.24737125000000        3.32299000000000      -0.849869312480064     
   1.38574583333333       2.000000000000000E-003  -1.41799582405157     
   1.38574583333333       0.140374583333333       -1.45428827185829     
   1.38574583333333       0.278749166666667       -1.48444659546420     
   1.38574583333333       0.417123750000000       -1.50784679570869     
   1.38574583333333       0.555498333333333       -1.52302718825211     
   1.38574583333333       0.693872916666667       -1.53012471028451     
   1.38574583333333       0.832247500000000       -1.52859291138189     
   1.38574583333333       0.970622083333333       -1.51864380827314     
   1.38574583333333        1.10899666666667       -1.50073320413271     
   1.38574583333333        1.24737125000000       -1.47527938182289     
   1.38574583333333        1.38574583333333       -1.44293561070501     
   1.38574583333333        1.52412041666667       -1.40430584644722     
   1.38574583333333        1.66249500000000       -1.36049574905380     
   1.38574583333333        1.80086958333333       -1.31232304220305     
   1.38574583333333        1.93924416666667       -1.26259461293433     
   1.38574583333333        2.07761875000000       -1.21453348675059     
   1.38574583333333        2.21599333333333       -1.16801152163477     
   1.38574583333333        2.35436791666667       -1.12283318508508     
   1.38574583333333        2.49274250000000       -1.07889294997525     
   1.38574583333333        2.63111708333333       -1.03617012677335     
   1.38574583333333        2.76949166666667      -0.994711831651182     
   1.38574583333333        2.90786625000000      -0.954609824537813     
   1.38574583333333        3.04624083333333      -0.915975474790705     
   1.38574583333333        3.18461541666667      -0.878916173218783     
   1.38574583333333        3.32299000000000      -0.843515743937480     
   1.52412041666667       2.000000000000000E-003  -1.37299174830591     
   1.52412041666667       0.140374583333333       -1.40822549583623     
   1.52412041666667       0.278749166666667       -1.43782694105988     
   1.52412041666667       0.417123750000000       -1.46098364827914     
   1.52412041666667       0.555498333333333       -1.47657148821832     
   1.52412041666667       0.693872916666667       -1.48437825117334     
   1.52412041666667       0.832247500000000       -1.48416123446854     
   1.52412041666667       0.970622083333333       -1.47567619968407     
   1.52412041666667        1.10899666666667       -1.45939984370640     
   1.52412041666667        1.24737125000000       -1.43526269856763     
   1.52412041666667        1.38574583333333       -1.40428311338372     
   1.52412041666667        1.52412041666667       -1.36732806130904     
   1.52412041666667        1.66249500000000       -1.32477936482057     
   1.52412041666667        1.80086958333333       -1.27887751996365     
   1.52412041666667        1.93924416666667       -1.23354738905647     
   1.52412041666667        2.07761875000000       -1.18906432938301     
   1.52412041666667        2.21599333333333       -1.14543965338264     
   1.52412041666667        2.35436791666667       -1.10269548122833     
   1.52412041666667        2.49274250000000       -1.06088530673971     
   1.52412041666667        2.63111708333333       -1.02009664893651     
   1.52412041666667        2.76949166666667      -0.980442574637957     
   1.52412041666667        2.90786625000000      -0.942047271723709     
   1.52412041666667        3.04624083333333      -0.905029667205598     
   1.52412041666667        3.18461541666667      -0.869488151850019     
   1.52412041666667        3.32299000000000      -0.835488642532870     
   1.66249500000000       2.000000000000000E-003  -1.32715484209647     
   1.66249500000000       0.140374583333333       -1.36087364302653     
   1.66249500000000       0.278749166666667       -1.38934558531273     
   1.66249500000000       0.417123750000000       -1.41192690923904     
   1.66249500000000       0.555498333333333       -1.42736438510356     
   1.66249500000000       0.693872916666667       -1.43561828805819     
   1.66249500000000       0.832247500000000       -1.43575978717484     
   1.66249500000000       0.970622083333333       -1.42795175264281     
   1.66249500000000        1.10899666666667       -1.41269738023855     
   1.66249500000000        1.24737125000000       -1.38982221499692     
   1.66249500000000        1.38574583333333       -1.36042593071169     
   1.66249500000000        1.52412041666667       -1.32473232899882     
   1.66249500000000        1.66249500000000       -1.28439877833595     
   1.66249500000000        1.80086958333333       -1.24329849929475     
   1.66249500000000        1.93924416666667       -1.20205772914416     
   1.66249500000000        2.07761875000000       -1.16095092462295     
   1.66249500000000        2.21599333333333       -1.12018790248753     
   1.66249500000000        2.35436791666667       -1.07995030371039     
   1.66249500000000        2.49274250000000       -1.04040966901384     
   1.66249500000000        2.63111708333333       -1.00173236340143     
   1.66249500000000        2.76949166666667      -0.964076117282925     
   1.66249500000000        2.90786625000000      -0.927582186841367     
   1.66249500000000        3.04624083333333      -0.892366332052100     
   1.66249500000000        3.18461541666667      -0.858511027946577     
   1.66249500000000        3.32299000000000      -0.826060561956205     
   1.80086958333333       2.000000000000000E-003  -1.28045751616852     
   1.80086958333333       0.140374583333333       -1.31242888002950     
   1.80086958333333       0.278749166666667       -1.33944207369755     
   1.80086958333333       0.417123750000000       -1.36085474100342     
   1.80086958333333       0.555498333333333       -1.37607588007540     
   1.80086958333333       0.693872916666667       -1.38360561817501     
   1.80086958333333       0.832247500000000       -1.38419241079536     
   1.80086958333333       0.970622083333333       -1.37727268670488     
   1.80086958333333        1.10899666666667       -1.36242287531180     
   1.80086958333333        1.24737125000000       -1.34052063095104     
   1.80086958333333        1.38574583333333       -1.31218159652877     
   1.80086958333333        1.52412041666667       -1.27875909911166     
   1.80086958333333        1.66249500000000       -1.24322736711221     
   1.80086958333333        1.80086958333333       -1.20640376839620     
   1.80086958333333        1.93924416666667       -1.16881001143505     
   1.80086958333333        2.07761875000000       -1.13085953770948     
   1.80086958333333        2.21599333333333       -1.09289227735244     
   1.80086958333333        2.35436791666667       -1.05519740863127     
   1.80086958333333        2.49274250000000       -1.01802551234112     
   1.80086958333333        2.63111708333333      -0.981592839266684     
   1.80086958333333        2.76949166666667      -0.946080676340927     
   1.80086958333333        2.90786625000000      -0.911632527078060     
   1.80086958333333        3.04624083333333      -0.878351304789315     
   1.80086958333333        3.18461541666667      -0.846298120468595     
   1.80086958333333        3.32299000000000      -0.815493607287743     
   1.93924416666667       2.000000000000000E-003  -1.23273726830064     
   1.93924416666667       0.140374583333333       -1.26285530484685     
   1.93924416666667       0.278749166666667       -1.28850885484823     
   1.93924416666667       0.417123750000000       -1.30851148775374     
   1.93924416666667       0.555498333333333       -1.32251319988154     
   1.93924416666667       0.693872916666667       -1.32998288457453     
   1.93924416666667       0.832247500000000       -1.33009634536022     
   1.93924416666667       0.970622083333333       -1.32323209197995     
   1.93924416666667        1.10899666666667       -1.30932586125083     
   1.93924416666667        1.24737125000000       -1.28816090226458     
   1.93924416666667        1.38574583333333       -1.26235771096939     
   1.93924416666667        1.52412041666667       -1.23333422856018     
   1.93924416666667        1.66249500000000       -1.20189213170643     
   1.93924416666667        1.80086958333333       -1.16871558908169     
   1.93924416666667        1.93924416666667       -1.13438374676653     
   1.93924416666667        2.07761875000000       -1.09938732619410     
   1.93924416666667        2.21599333333333       -1.06414321107425     
   1.93924416666667        2.35436791666667       -1.02900462680630     
   1.93924416666667        2.49274250000000      -0.994266917644098     
   1.93924416666667        2.63111708333333      -0.960170165635914     
   1.93924416666667        2.76949166666667      -0.926900311020349     
   1.93924416666667        2.90786625000000      -0.894590341500289     
   1.93924416666667        3.04624083333333      -0.863322749986059     
   1.93924416666667        3.18461541666667      -0.833133972266745     
   1.93924416666667        3.32299000000000      -0.804021008743821     
   2.07761875000000       2.000000000000000E-003  -1.18452438435365     
   2.07761875000000       0.140374583333333       -1.21256137469927     
   2.07761875000000       0.278749166666667       -1.23627457653121     
   2.07761875000000       0.417123750000000       -1.25500450716775     
   2.07761875000000       0.555498333333333       -1.26811874762982     
   2.07761875000000       0.693872916666667       -1.27432425128745     
   2.07761875000000       0.832247500000000       -1.27456910313050     
   2.07761875000000       0.970622083333333       -1.26734426063582     
   2.07761875000000        1.10899666666667       -1.25425483532942     
   2.07761875000000        1.24737125000000       -1.23627545164938     
   2.07761875000000        1.38574583333333       -1.21417882582871     
   2.07761875000000        1.52412041666667       -1.18873393420479     
   2.07761875000000        1.66249500000000       -1.16066823436003     
   2.07761875000000        1.80086958333333       -1.13064798628164     
   2.07761875000000        1.93924416666667       -1.09927013533967     
   2.07761875000000        2.07761875000000       -1.06706007173767     
   2.07761875000000        2.21599333333333       -1.03447156155893     
   2.07761875000000        2.35436791666667       -1.00188711760908     
   2.07761875000000        2.49274250000000      -0.969618515977798     
   2.07761875000000        2.63111708333333      -0.937907958494597     
   2.07761875000000        2.76949166666667      -0.906930633785551     
   2.07761875000000        2.90786625000000      -0.876799309512691     
   2.07761875000000        3.04624083333333      -0.847571259779985     
   2.07761875000000        3.18461541666667      -0.819257427340520     
   2.07761875000000        3.32299000000000      -0.791833337043314     
   2.21599333333333       2.000000000000000E-003  -1.13599952150366     
   2.21599333333333       0.140374583333333       -1.16195370616621     
   2.21599333333333       0.278749166666667       -1.18389901090506     
   2.21599333333333       0.417123750000000       -1.20087105503187     
   2.21599333333333       0.555498333333333       -1.21237369120000     
   2.21599333333333       0.693872916666667       -1.21814355509266     
   2.21599333333333       0.832247500000000       -1.21815649132171     
   2.21599333333333       0.970622083333333       -1.21264289148787     
   2.21599333333333        1.10899666666667       -1.20199469814840     
   2.21599333333333        1.24737125000000       -1.18674582505740     
   2.21599333333333        1.38574583333333       -1.16751745468174     
   2.21599333333333        1.52412041666667       -1.14497013401459     
   2.21599333333333        1.66249500000000       -1.11976608195630     
   2.21599333333333        1.80086958333333       -1.09254146003585     
   2.21599333333333        1.93924416666667       -1.06388661186145     
   2.21599333333333        2.07761875000000       -1.03433207579682     
   2.21599333333333        2.21599333333333       -1.00433879955597     
   2.21599333333333        2.35436791666667      -0.974291801412692     
   2.21599333333333        2.49274250000000      -0.944497149175699     
   2.21599333333333        2.63111708333333      -0.915182422301741     
   2.21599333333333        2.76949166666667      -0.886500800339623     
   2.21599333333333        2.90786625000000      -0.858538676493709     
   2.21599333333333        3.04624083333333      -0.831326344625078     
   2.21599333333333        3.18461541666667      -0.804850957453955     
   2.21599333333333        3.32299000000000      -0.779070683775046     
   2.35436791666667       2.000000000000000E-003  -1.08777571704329     
   2.35436791666667       0.140374583333333       -1.11161784264993     
   2.35436791666667       0.278749166666667       -1.13169633227749     
   2.35436791666667       0.417123750000000       -1.14744871879075     
   2.35436791666667       0.555498333333333       -1.15843906251067     
   2.35436791666667       0.693872916666667       -1.16439938455892     
   2.35436791666667       0.832247500000000       -1.16525168002352     
   2.35436791666667       0.970622083333333       -1.16110788398551     
   2.35436791666667        1.10899666666667       -1.15225056019676     
   2.35436791666667        1.24737125000000       -1.13910051853893     
   2.35436791666667        1.38574583333333       -1.12217831771756     
   2.35436791666667        1.52412041666667       -1.10206530944594     
   2.35436791666667        1.66249500000000       -1.07936776165022     
   2.35436791666667        1.80086958333333       -1.05468570590079     
   2.35436791666667        1.93924416666667       -1.02858698145728     
   2.35436791666667        2.07761875000000       -1.00158648670787     
   2.35436791666667        2.21599333333333      -0.974130628483526     
   2.35436791666667        2.35436791666667      -0.946587075294047     
   2.35436791666667        2.49274250000000      -0.919239957348542     
   2.35436791666667        2.63111708333333      -0.892290522600595     
   2.35436791666667        2.76949166666667      -0.865862962875874     
   2.35436791666667        2.90786625000000      -0.840014736200512     
   2.35436791666667        3.04624083333333      -0.814750321353806     
   2.35436791666667        3.18461541666667      -0.790037032973374     
   2.35436791666667        3.32299000000000      -0.765821361904175     
   2.49274250000000       2.000000000000000E-003  -1.04178013068841     
   2.49274250000000       0.140374583333333       -1.06381470128758     
   2.49274250000000       0.278749166666667       -1.08246359529171     
   2.49274250000000       0.417123750000000       -1.09723736790062     
   2.49274250000000       0.555498333333333       -1.10774867887471     
   2.49274250000000       0.693872916666667       -1.11374570347854     
   2.49274250000000       0.832247500000000       -1.11513282938768     
   2.49274250000000       0.970622083333333       -1.11197612489390     
   2.49274250000000        1.10899666666667       -1.10449410279763     
   2.49274250000000        1.24737125000000       -1.09303661700266     
   2.49274250000000        1.38574583333333       -1.07805581792221     
   2.49274250000000        1.52412041666667       -1.06007307283189     
   2.49274250000000        1.66249500000000       -1.03964509772859     
   2.49274250000000        1.80086958333333       -1.01733173610476     
   2.49274250000000        1.93924416666667      -0.993667153629278     
   2.49274250000000        2.07761875000000      -0.969135766611514     
   2.49274250000000        2.21599333333333      -0.944153909922793     
   2.49274250000000        2.35436791666667      -0.919057957533523     
   2.49274250000000        2.49274250000000      -0.894099248391304     
   2.49274250000000        2.63111708333333      -0.869445716380797     
   2.49274250000000        2.76949166666667      -0.845189608075536     
   2.49274250000000        2.90786625000000      -0.821360165090172     
   2.49274250000000        3.04624083333333      -0.797939729259116     
   2.49274250000000        3.18461541666667      -0.774881467863372     
   2.49274250000000        3.32299000000000      -0.752126856178366     
   2.63111708333333       2.000000000000000E-003 -0.997944987351144     
   2.63111708333333       0.140374583333333       -1.01835737177353     
   2.63111708333333       0.278749166666667       -1.03570368325077     
   2.63111708333333       0.417123750000000       -1.04954900865266     
   2.63111708333333       0.555498333333333       -1.05954491383286     
   2.63111708333333       0.693872916666667       -1.06545801614039     
   2.63111708333333       0.832247500000000       -1.06718933252149     
   2.63111708333333       0.970622083333333       -1.06478204266300     
   2.63111708333333        1.10899666666667       -1.05841719336643     
   2.63111708333333        1.24737125000000       -1.04839854715422     
   2.63111708333333        1.38574583333333       -1.03512891334335     
   2.63111708333333        1.52412041666667       -1.01908083436810     
   2.63111708333333        1.66249500000000       -1.00076457014091     
   2.63111708333333        1.80086958333333      -0.980696123067971     
   2.63111708333333        1.93924416666667      -0.959367722599351     
   2.63111708333333        2.07761875000000      -0.937222803523198     
   2.63111708333333        2.21599333333333      -0.914637065959653     
   2.63111708333333        2.35436791666667      -0.891906676476833     
   2.63111708333333        2.49274250000000      -0.869244054957946     
   2.63111708333333        2.63111708333333      -0.846781020665141     
   2.63111708333333        2.76949166666667      -0.824578404936145     
   2.63111708333333        2.90786625000000      -0.802640655845718     
   2.63111708333333        3.04624083333333      -0.780933538899271     
   2.63111708333333        3.18461541666667      -0.759402835268369     
   2.63111708333333        3.32299000000000      -0.737991982147281     
   2.76949166666667       2.000000000000000E-003 -0.955926925966338     
   2.76949166666667       0.140374583333333      -0.974836504550309     
   2.76949166666667       0.278749166666667      -0.990960302806128     
   2.76949166666667       0.417123750000000       -1.00390866193899     
   2.76949166666667       0.555498333333333       -1.01336783640805     
   2.76949166666667       0.693872916666667       -1.01912519083120     
   2.76949166666667       0.832247500000000       -1.02108703367935     
   2.76949166666667       0.970622083333333       -1.01928689220164     
   2.76949166666667        1.10899666666667       -1.01388334597439     
   2.76949166666667        1.24737125000000       -1.00514785808522     
   2.76949166666667        1.38574583333333      -0.993444141151214     
   2.76949166666667        1.52412041666667      -0.979201357024711     
   2.76949166666667        1.66249500000000      -0.962883865550138     
   2.76949166666667        1.80086958333333      -0.944960355069825     
   2.76949166666667        1.93924416666667      -0.925875059033538     
   2.76949166666667        2.07761875000000      -0.906023427800439     
   2.76949166666667        2.21599333333333      -0.885734109298515     
   2.76949166666667        2.35436791666667      -0.865258426646045     
   2.76949166666667        2.49274250000000      -0.844767772437630     
   2.76949166666667        2.63111708333333      -0.824358537478722     
   2.76949166666667        2.76949166666667      -0.804063441809302     
   2.76949166666667        2.90786625000000      -0.783867526216469     
   2.76949166666667        3.04624083333333      -0.763726668294010     
   2.76949166666667        3.18461541666667      -0.743586356440345     
   2.76949166666667        3.32299000000000      -0.723398599729658     
   2.90786625000000       2.000000000000000E-003 -0.915550818202208     
   2.90786625000000       0.140374583333333      -0.933042771121371     
   2.90786625000000       0.278749166666667      -0.948002538510217     
   2.90786625000000       0.417123750000000      -0.960081188512058     
   2.90786625000000       0.555498333333333      -0.968997937088204     
   2.90786625000000       0.693872916666667      -0.974562589758422     
   2.90786625000000       0.832247500000000      -0.976691655629579     
   2.90786625000000       0.970622083333333      -0.975416118042634     
   2.90786625000000        1.10899666666667      -0.970879866074018     
   2.90786625000000        1.24737125000000      -0.963328908294481     
   2.90786625000000        1.38574583333333      -0.953092528909104     
   2.90786625000000        1.52412041666667      -0.940558380346350     
   2.90786625000000        1.66249500000000      -0.926144065648008     
   2.90786625000000        1.80086958333333      -0.910268022979769     
   2.90786625000000        1.93924416666667      -0.893322485424022     
   2.90786625000000        2.07761875000000      -0.875650972071699     
   2.90786625000000        2.21599333333333      -0.857532208054689     
   2.90786625000000        2.35436791666667      -0.839171627909523     
   2.90786625000000        2.49274250000000      -0.820700765905623     
   2.90786625000000        2.63111708333333      -0.802183973048632     
   2.90786625000000        2.76949166666667      -0.783631124581134     
   2.90786625000000        2.90786625000000      -0.765014387884196     
   2.90786625000000        3.04624083333333      -0.746286780666438     
   2.90786625000000        3.18461541666667      -0.727400201230475     
   2.90786625000000        3.32299000000000      -0.708320854012970     
   3.04624083333333       2.000000000000000E-003 -0.876766917851142     
   3.04624083333333       0.140374583333333      -0.892912209154140     
   3.04624083333333       0.278749166666667      -0.906759745472961     
   3.04624083333333       0.417123750000000      -0.917999000261494     
   3.04624083333333       0.555498333333333      -0.926381268791433     
   3.04624083333333       0.693872916666667      -0.931739583729647     
   3.04624083333333       0.832247500000000      -0.934002934410482     
   3.04624083333333       0.970622083333333      -0.933202972887406     
   3.04624083333333        1.10899666666667      -0.929472252215317     
   3.04624083333333        1.24737125000000      -0.923034030943815     
   3.04624083333333        1.38574583333333      -0.914184648745788     
   3.04624083333333        1.52412041666667      -0.903270305921286     
   3.04624083333333        1.66249500000000      -0.890660670925839     
   3.04624083333333        1.80086958333333      -0.876722037879993     
   3.04624083333333        1.93924416666667      -0.861792737821880     
   3.04624083333333        2.07761875000000      -0.846163183611831     
   3.04624083333333        2.21599333333333      -0.830062340461170     
   3.04624083333333        2.35436791666667      -0.813651632511297     
   3.04624083333333        2.49274250000000      -0.797026414798556     
   3.04624083333333        2.63111708333333      -0.780224267418157     
   3.04624083333333        2.76949166666667      -0.763238613578283     
   3.04624083333333        2.90786625000000      -0.746035619966315     
   3.04624083333333        3.04624083333333      -0.728572072446713     
   3.04624083333333        3.18461541666667      -0.710811959934222     
   3.04624083333333        3.32299000000000      -0.692739828715798     
   3.18461541666667       2.000000000000000E-003 -0.839607710628564     
   3.18461541666667       0.140374583333333      -0.854474924134739     
   3.18461541666667       0.278749166666667      -0.867263351517145     
   3.18461541666667       0.417123750000000      -0.877699309164308     
   3.18461541666667       0.555498333333333      -0.885565263986032     
   3.18461541666667       0.693872916666667      -0.890717296271496     
   3.18461541666667       0.832247500000000      -0.893097319124842     
   3.18461541666667       0.970622083333333      -0.892738453332616     
   3.18461541666667        1.10899666666667      -0.889762724448570     
   3.18461541666667        1.24737125000000      -0.884371143319899     
   3.18461541666667        1.38574583333333      -0.876827127741374     
   3.18461541666667        1.52412041666667      -0.867435001848505     
   3.18461541666667        1.66249500000000      -0.856515872458148     
   3.18461541666667        1.80086958333333      -0.844383460097976     
   3.18461541666667        1.93924416666667      -0.831322425869985     
   3.18461541666667        2.07761875000000      -0.817571391243896     
   3.18461541666667        2.21599333333333      -0.803312241660480     
   3.18461541666667        2.35436791666667      -0.788666514588301     
   3.18461541666667        2.49274250000000      -0.773698800597461     
   3.18461541666667        2.63111708333333      -0.758426245625635     
   3.18461541666667        2.76949166666667      -0.742832543586604     
   3.18461541666667        2.90786625000000      -0.726884341041797     
   3.18461541666667        3.04624083333333      -0.710547797298702     
   3.18461541666667        3.18461541666667      -0.693803170082895     
   3.18461541666667        3.32299000000000      -0.676655701156550     
   3.32299000000000       2.000000000000000E-003 -0.804146818339595     
   3.32299000000000       0.140374583333333      -0.817808240641003     
   3.32299000000000       0.278749166666667      -0.829595408425584     
   3.32299000000000       0.417123750000000      -0.839269894443592     
   3.32299000000000       0.555498333333333      -0.846644000550534     
   3.32299000000000       0.693872916666667      -0.851595808127516     
   3.32299000000000       0.832247500000000      -0.854079378351472     
   3.32299000000000       0.970622083333333      -0.854128727541166     
   3.32299000000000        1.10899666666667      -0.851854902994798     
   3.32299000000000        1.24737125000000      -0.847436298013385     
   3.32299000000000        1.38574583333333      -0.841103159897396     
   3.32299000000000        1.52412041666667      -0.833117950392564     
   3.32299000000000        1.66249500000000      -0.823753718899186     
   3.32299000000000        1.80086958333333      -0.813272877511663     
   3.32299000000000        1.93924416666667      -0.801908692887413     
   3.32299000000000        2.07761875000000      -0.789851442578047     
   3.32299000000000        2.21599333333333      -0.777240571504925     
   3.32299000000000        2.35436791666667      -0.764163409632255     
   3.32299000000000        2.49274250000000      -0.750660179063120     
   3.32299000000000        2.63111708333333      -0.736734240605003     
   3.32299000000000        2.76949166666667      -0.722365911559268     
   3.32299000000000        2.90786625000000      -0.707527810328802     
   3.32299000000000        3.04624083333333      -0.692199596373204     
   3.32299000000000        3.18461541666667      -0.676380180679612     
   3.32299000000000        3.32299000000000      -0.660095943961747     
