  2.000000000000000E-003  2.000000000000000E-003  -3.27716549807289     
  2.000000000000000E-003  0.140374583333333       -3.29537873753541     
  2.000000000000000E-003  0.278749166666667       -3.26679980470432     
  2.000000000000000E-003  0.417123750000000       -3.17447927697954     
  2.000000000000000E-003  0.555498333333333       -3.03947537234354     
  2.000000000000000E-003  0.693872916666667       -2.88657838349696     
  2.000000000000000E-003  0.832247500000000       -2.73223185648515     
  2.000000000000000E-003  0.970622083333333       -2.58462696445653     
  2.000000000000000E-003   1.10899666666667       -2.44562075637603     
  2.000000000000000E-003   1.24737125000000       -2.31521935053904     
  2.000000000000000E-003   1.38574583333333       -2.19290706613942     
  2.000000000000000E-003   1.52412041666667       -2.07721593261542     
  2.000000000000000E-003   1.66249500000000       -1.96740816274367     
  2.000000000000000E-003   1.80086958333333       -1.86276488418860     
  2.000000000000000E-003   1.93924416666667       -1.76249188002282     
  2.000000000000000E-003   2.07761875000000       -1.66663111463692     
  2.000000000000000E-003   2.21599333333333       -1.57490138050340     
  2.000000000000000E-003   2.35436791666667       -1.48759239615620     
  2.000000000000000E-003   2.49274250000000       -1.40654607425819     
  2.000000000000000E-003   2.63111708333333       -1.33141200082241     
  2.000000000000000E-003   2.76949166666667       -1.26154762796627     
  2.000000000000000E-003   2.90786625000000       -1.19649551242904     
  2.000000000000000E-003   3.04624083333333       -1.13593157280784     
  2.000000000000000E-003   3.18461541666667       -1.07961884772179     
  2.000000000000000E-003   3.32299000000000       -1.02736698442078     
  0.140374583333333       2.000000000000000E-003  -3.29546564361611     
  0.140374583333333       0.140374583333333       -3.39954210908238     
  0.140374583333333       0.278749166666667       -3.39726661500665     
  0.140374583333333       0.417123750000000       -3.29604972610466     
  0.140374583333333       0.555498333333333       -3.14470538690126     
  0.140374583333333       0.693872916666667       -2.97663132024526     
  0.140374583333333       0.832247500000000       -2.81018457787767     
  0.140374583333333       0.970622083333333       -2.65223834471283     
  0.140374583333333        1.10899666666667       -2.50480547433504     
  0.140374583333333        1.24737125000000       -2.36738042161376     
  0.140374583333333        1.38574583333333       -2.23862897424309     
  0.140374583333333        1.52412041666667       -2.11750877180946     
  0.140374583333333        1.66249500000000       -2.00284281507185     
  0.140374583333333        1.80086958333333       -1.89392416931572     
  0.140374583333333        1.93924416666667       -1.78992154151128     
  0.140374583333333        2.07761875000000       -1.69062368602557     
  0.140374583333333        2.21599333333333       -1.59588144213270     
  0.140374583333333        2.35436791666667       -1.50587337960212     
  0.140374583333333        2.49274250000000       -1.42263660220141     
  0.140374583333333        2.63111708333333       -1.34565284838482     
  0.140374583333333        2.76949166666667       -1.27419124523331     
  0.140374583333333        2.90786625000000       -1.20773959609274     
  0.140374583333333        3.04624083333333       -1.14593989006569     
  0.140374583333333        3.18461541666667       -1.08853381663794     
  0.140374583333333        3.32299000000000       -1.03531682737049     
  0.278749166666667       2.000000000000000E-003  -3.26687112769388     
  0.278749166666667       0.140374583333333       -3.39728073839048     
  0.278749166666667       0.278749166666667       -3.43320308179788     
  0.278749166666667       0.417123750000000       -3.35192926118258     
  0.278749166666667       0.555498333333333       -3.20317859443161     
  0.278749166666667       0.693872916666667       -3.03264247612316     
  0.278749166666667       0.832247500000000       -2.86092138306576     
  0.278749166666667       0.970622083333333       -2.69819261450368     
  0.278749166666667        1.10899666666667       -2.54569862576569     
  0.278749166666667        1.24737125000000       -2.40376002665616     
  0.278749166666667        1.38574583333333       -2.27078307596914     
  0.278749166666667        1.52412041666667       -2.14588781533678     
  0.278749166666667        1.66249500000000       -2.02767186897319     
  0.278749166666667        1.80086958333333       -1.91554684616740     
  0.278749166666667        1.93924416666667       -1.80898751757843     
  0.278749166666667        2.07761875000000       -1.70698315895783     
  0.278749166666667        2.21599333333333       -1.61005438287378     
  0.278749166666667        2.35436791666667       -1.51806038819329     
  0.278749166666667        2.49274250000000       -1.43339455416327     
  0.278749166666667        2.63111708333333       -1.35520219581579     
  0.278749166666667        2.76949166666667       -1.28269367364179     
  0.278749166666667        2.90786625000000       -1.21532225229507     
  0.278749166666667        3.04624083333333       -1.15270947355259     
  0.278749166666667        3.18461541666667       -1.09458439221304     
  0.278749166666667        3.32299000000000       -1.04073374990223     
  0.417123750000000       2.000000000000000E-003  -3.17450176718570     
  0.417123750000000       0.140374583333333       -3.29603060975336     
  0.417123750000000       0.278749166666667       -3.35190845632278     
  0.417123750000000       0.417123750000000       -3.30585680992933     
  0.417123750000000       0.555498333333333       -3.18740114063671     
  0.417123750000000       0.693872916666667       -3.03465451981182     
  0.417123750000000       0.832247500000000       -2.87292007998678     
  0.417123750000000       0.970622083333333       -2.71416744252792     
  0.417123750000000        1.10899666666667       -2.56303506562846     
  0.417123750000000        1.24737125000000       -2.42085348915989     
  0.417123750000000        1.38574583333333       -2.28706000537407     
  0.417123750000000        1.52412041666667       -2.16047235957845     
  0.417123750000000        1.66249500000000       -2.04066090903229     
  0.417123750000000        1.80086958333333       -1.92668701619227     
  0.417123750000000        1.93924416666667       -1.81839200591862     
  0.417123750000000        2.07761875000000       -1.71506667083726     
  0.417123750000000        2.21599333333333       -1.61660172986089     
  0.417123750000000        2.35436791666667       -1.52375393591409     
  0.417123750000000        2.49274250000000       -1.43850921613694     
  0.417123750000000        2.63111708333333       -1.35981264489919     
  0.417123750000000        2.76949166666667       -1.28685555588941     
  0.417123750000000        2.90786625000000       -1.21908254009036     
  0.417123750000000        3.04624083333333       -1.15611128141505     
  0.417123750000000        3.18461541666667       -1.09766858459854     
  0.417123750000000        3.32299000000000       -1.04353884021272     
  0.555498333333333       2.000000000000000E-003  -3.03947676065881     
  0.555498333333333       0.140374583333333       -3.14466438029133     
  0.555498333333333       0.278749166666667       -3.20313448384906     
  0.555498333333333       0.417123750000000       -3.18737442828985     
  0.555498333333333       0.555498333333333       -3.10560695703061     
  0.555498333333333       0.693872916666667       -2.98333202342868     
  0.555498333333333       0.832247500000000       -2.84181869787571     
  0.555498333333333       0.970622083333333       -2.69673649281658     
  0.555498333333333        1.10899666666667       -2.55360925261917     
  0.555498333333333        1.24737125000000       -2.41616438247594     
  0.555498333333333        1.38574583333333       -2.28471089442923     
  0.555498333333333        1.52412041666667       -2.15949999736760     
  0.555498333333333        1.66249500000000       -2.04025862854267     
  0.555498333333333        1.80086958333333       -1.92673020197828     
  0.555498333333333        1.93924416666667       -1.81789270951538     
  0.555498333333333        2.07761875000000       -1.71443850345732     
  0.555498333333333        2.21599333333333       -1.61527162950774     
  0.555498333333333        2.35436791666667       -1.52276457635487     
  0.555498333333333        2.49274250000000       -1.43783422298160     
  0.555498333333333        2.63111708333333       -1.35936934198900     
  0.555498333333333        2.76949166666667       -1.28658691226754     
  0.555498333333333        2.90786625000000       -1.21895122688493     
  0.555498333333333        3.04624083333333       -1.15609390500458     
  0.555498333333333        3.18461541666667       -1.09775040608101     
  0.555498333333333        3.32299000000000       -1.04370932177735     
  0.693872916666667       2.000000000000000E-003  -2.88657500351928     
  0.693872916666667       0.140374583333333       -2.97658026976668     
  0.693872916666667       0.278749166666667       -3.03257787207885     
  0.693872916666667       0.417123750000000       -3.03459853323251     
  0.693872916666667       0.555498333333333       -2.98329815510173     
  0.693872916666667       0.693872916666667       -2.89112446048372     
  0.693872916666667       0.832247500000000       -2.77533037409709     
  0.693872916666667       0.970622083333333       -2.64879597050810     
  0.693872916666667        1.10899666666667       -2.51881433238593     
  0.693872916666667        1.24737125000000       -2.39008720783106     
  0.693872916666667        1.38574583333333       -2.26452050303821     
  0.693872916666667        1.52412041666667       -2.14316350594953     
  0.693872916666667        1.66249500000000       -2.02677496375435     
  0.693872916666667        1.80086958333333       -1.91447338049145     
  0.693872916666667        1.93924416666667       -1.80730950384978     
  0.693872916666667        2.07761875000000       -1.70426809546641     
  0.693872916666667        2.21599333333333       -1.60613532636646     
  0.693872916666667        2.35436791666667       -1.51513552711931     
  0.693872916666667        2.49274250000000       -1.43140235567240     
  0.693872916666667        2.63111708333333       -1.35390001556321     
  0.693872916666667        2.76949166666667       -1.28191401879053     
  0.693872916666667        2.90786625000000       -1.21495536682388     
  0.693872916666667        3.04624083333333       -1.15268633836776     
  0.693872916666667        3.18461541666667       -1.09486114639719     
  0.693872916666667        3.32299000000000       -1.04127857221509     
  0.832247500000000       2.000000000000000E-003  -2.73221654676383     
  0.832247500000000       0.140374583333333       -2.81011585782643     
  0.832247500000000       0.278749166666667       -2.86082886568397     
  0.832247500000000       0.417123750000000       -2.87282569249979     
  0.832247500000000       0.555498333333333       -2.84173973731634     
  0.832247500000000       0.693872916666667       -2.77528238031288     
  0.832247500000000       0.832247500000000       -2.68375284743945     
  0.832247500000000       0.970622083333333       -2.57682481724433     
  0.832247500000000        1.10899666666667       -2.46225487825686     
  0.832247500000000        1.24737125000000       -2.34471194870577     
  0.832247500000000        1.38574583333333       -2.22727242824986     
  0.832247500000000        1.52412041666667       -2.11222989256835     
  0.832247500000000        1.66249500000000       -2.00003103844736     
  0.832247500000000        1.80086958333333       -1.89135818759387     
  0.832247500000000        1.93924416666667       -1.78643863800651     
  0.832247500000000        2.07761875000000       -1.68582465612418     
  0.832247500000000        2.21599333333333       -1.58960309381063     
  0.832247500000000        2.35436791666667       -1.50113964427208     
  0.832247500000000        2.49274250000000       -1.41942386248014     
  0.832247500000000        2.63111708333333       -1.34357372945588     
  0.832247500000000        2.76949166666667       -1.27297807728972     
  0.832247500000000        2.90786625000000       -1.20721658952971     
  0.832247500000000        3.04624083333333       -1.14599572847127     
  0.832247500000000        3.18461541666667       -1.08909652988727     
  0.832247500000000        3.32299000000000       -1.03633270989414     
  0.970622083333333       2.000000000000000E-003  -2.58457614919803     
  0.970622083333333       0.140374583333333       -2.65213042286035     
  0.970622083333333       0.278749166666667       -2.69805264142746     
  0.970622083333333       0.417123750000000       -2.71401716407576     
  0.970622083333333       0.555498333333333       -2.69659505728372     
  0.970622083333333       0.693872916666667       -2.64868177431638     
  0.970622083333333       0.832247500000000       -2.57675718409630     
  0.970622083333333       0.970622083333333       -2.48801340413372     
  0.970622083333333        1.10899666666667       -2.38824952910989     
  0.970622083333333        1.24737125000000       -2.28339187110845     
  0.970622083333333        1.38574583333333       -2.17546590345535     
  0.970622083333333        1.52412041666667       -2.06802514932200     
  0.970622083333333        1.66249500000000       -1.96146553566081     
  0.970622083333333        1.80086958333333       -1.85773741469130     
  0.970622083333333        1.93924416666667       -1.75638961685440     
  0.970622083333333        2.07761875000000       -1.65848828756589     
  0.970622083333333        2.21599333333333       -1.56633255551240     
  0.970622083333333        2.35436791666667       -1.48125190665268     
  0.970622083333333        2.49274250000000       -1.40226882691136     
  0.970622083333333        2.63111708333333       -1.32868864942985     
  0.970622083333333        2.76949166666667       -1.26002592340267     
  0.970622083333333        2.90786625000000       -1.19594337269708     
  0.970622083333333        3.04624083333333       -1.13620044446425     
  0.970622083333333        3.18461541666667       -1.08061017262179     
  0.970622083333333        3.32299000000000       -1.02900424755289     
   1.10899666666667       2.000000000000000E-003  -2.44550457780688     
   1.10899666666667       0.140374583333333       -2.50462955234549     
   1.10899666666667       0.278749166666667       -2.54548527094557     
   1.10899666666667       0.417123750000000       -2.56280529553042     
   1.10899666666667       0.555498333333333       -2.55338319373573     
   1.10899666666667       0.693872916666667       -2.51861210686115     
   1.10899666666667       0.832247500000000       -2.46209744474107     
   1.10899666666667       0.970622083333333       -2.38815907013090     
   1.10899666666667        1.10899666666667       -2.30295168860879     
   1.10899666666667        1.24737125000000       -2.20950216254837     
   1.10899666666667        1.38574583333333       -2.11199236195060     
   1.10899666666667        1.52412041666667       -2.01285897633129     
   1.10899666666667        1.66249500000000       -1.91292861874472     
   1.10899666666667        1.80086958333333       -1.81436322655585     
   1.10899666666667        1.93924416666667       -1.71791324874358     
   1.10899666666667        2.07761875000000       -1.62425512655274     
   1.10899666666667        2.21599333333333       -1.53714799389223     
   1.10899666666667        2.35436791666667       -1.45610416750655     
   1.10899666666667        2.49274250000000       -1.38043719445134     
   1.10899666666667        2.63111708333333       -1.30965091124087     
   1.10899666666667        2.76949166666667       -1.24339411563138     
   1.10899666666667        2.90786625000000       -1.18141828582300     
   1.10899666666667        3.04624083333333       -1.12353929627088     
   1.10899666666667        3.18461541666667       -1.06960411366358     
   1.10899666666667        3.32299000000000       -1.01946357854498     
   1.24737125000000       2.000000000000000E-003  -2.31500542359582     
   1.24737125000000       0.140374583333333       -2.36710544369008     
   1.24737125000000       0.278749166666667       -2.40344432110043     
   1.24737125000000       0.417123750000000       -2.42051752459597     
   1.24737125000000       0.555498333333333       -2.41582861976551     
   1.24737125000000       0.693872916666667       -2.38977273320745     
   1.24737125000000       0.832247500000000       -2.34444071859780     
   1.24737125000000       0.970622083333333       -2.28318689007697     
   1.24737125000000        1.10899666666667       -2.20938734950216     
   1.24737125000000        1.24737125000000       -2.12723385727732     
   1.24737125000000        1.38574583333333       -2.03951229450785     
   1.24737125000000        1.52412041666667       -1.94847266451832     
   1.24737125000000        1.66249500000000       -1.85569339847562     
   1.24737125000000        1.80086958333333       -1.76316207884962     
   1.24737125000000        1.93924416666667       -1.67179107658204     
   1.24737125000000        2.07761875000000       -1.58459128206574     
   1.24737125000000        2.21599333333333       -1.50298353261362     
   1.24737125000000        2.35436791666667       -1.42643169913348     
   1.24737125000000        2.49274250000000       -1.35452184206530     
   1.24737125000000        2.63111708333333       -1.28694781668783     
   1.24737125000000        2.76949166666667       -1.22348849433391     
   1.24737125000000        2.90786625000000       -1.16398169190684     
   1.24737125000000        3.04624083333333       -1.10829807218957     
   1.24737125000000        3.18461541666667       -1.05631742376494     
   1.24737125000000        3.32299000000000       -1.00790920960564     
   1.38574583333333       2.000000000000000E-003  -2.19256371134290     
   1.38574583333333       0.140374583333333       -2.23822397642706     
   1.38574583333333       0.278749166666667       -2.27033565543138     
   1.38574583333333       0.417123750000000       -2.28659025493689     
   1.38574583333333       0.555498333333333       -2.28423911310693     
   1.38574583333333       0.693872916666667       -2.26406836654533     
   1.38574583333333       0.832247500000000       -2.22686241415802     
   1.38574583333333       0.970622083333333       -2.17512153019522     
   1.38574583333333        1.10899666666667       -2.11173796094231     
   1.38574583333333        1.24737125000000       -2.03937263492478     
   1.38574583333333        1.38574583333333       -1.96059475140452     
   1.38574583333333        1.52412041666667       -1.87746720430273     
   1.38574583333333        1.66249500000000       -1.79202774467692     
   1.38574583333333        1.80086958333333       -1.70564378931617     
   1.38574583333333        1.93924416666667       -1.62095317369457     
   1.38574583333333        2.07761875000000       -1.54071451871821     
   1.38574583333333        2.21599333333333       -1.46480880223266     
   1.38574583333333        2.35436791666667       -1.39302059933372     
   1.38574583333333        2.49274250000000       -1.32517021044206     
   1.38574583333333        2.63111708333333       -1.26111886037027     
   1.38574583333333        2.76949166666667       -1.20076156448841     
   1.38574583333333        2.90786625000000       -1.14401360227124     
   1.38574583333333        3.04624083333333       -1.09079470727898     
   1.38574583333333        3.18461541666667       -1.04101397255976     
   1.38574583333333        3.32299000000000      -0.994557672815475     
   1.52412041666667       2.000000000000000E-003  -2.07671310158791     
   1.52412041666667       0.140374583333333       -2.11694436636858     
   1.52412041666667       0.278749166666667       -2.14528030777439     
   1.52412041666667       0.417123750000000       -2.15984137443520     
   1.52412041666667       0.555498333333333       -2.15886589741766     
   1.52412041666667       0.693872916666667       -2.14254811321874     
   1.52412041666667       0.832247500000000       -2.11165612559352     
   1.52412041666667       0.970622083333333       -2.06751668648903     
   1.52412041666667        1.10899666666667       -2.01244033850597     
   1.52412041666667        1.24737125000000       -1.94816861076829     
   1.52412041666667        1.38574583333333       -1.87730276891488     
   1.52412041666667        1.52412041666667       -1.80188150041347     
   1.52412041666667        1.66249500000000       -1.72323610252213     
   1.52412041666667        1.80086958333333       -1.64383960603905     
   1.52412041666667        1.93924416666667       -1.56721813400012     
   1.52412041666667        2.07761875000000       -1.49376579789468     
   1.52412041666667        2.21599333333333       -1.42357042248935     
   1.52412041666667        2.35436791666667       -1.35666245959912     
   1.52412041666667        2.49274250000000       -1.29304887431643     
   1.52412041666667        2.63111708333333       -1.23272762127506     
   1.52412041666667        2.76949166666667       -1.17568987503268     
   1.52412041666667        2.90786625000000       -1.12191530599820     
   1.52412041666667        3.04624083333333       -1.07136434367326     
   1.52412041666667        3.18461541666667       -1.02397036870766     
   1.52412041666667        3.32299000000000      -0.979633950389828     
   1.66249500000000       2.000000000000000E-003  -1.96671806114703     
   1.66249500000000       0.140374583333333       -2.00209134779712     
   1.66249500000000       0.278749166666667       -2.02687708248045     
   1.66249500000000       0.417123750000000       -2.03984244335434     
   1.66249500000000       0.555498333333333       -2.03943663506460     
   1.66249500000000       0.693872916666667       -2.02597154513190     
   1.66249500000000       0.832247500000000       -1.99926880670657     
   1.66249500000000       0.970622083333333       -1.96076832177708     
   1.66249500000000        1.10899666666667       -1.91232116343776     
   1.66249500000000        1.24737125000000       -1.85520050418048     
   1.66249500000000        1.38574583333333       -1.79167454191720     
   1.66249500000000        1.52412041666667       -1.72304733437216     
   1.66249500000000        1.66249500000000       -1.65154228027136     
   1.66249500000000        1.80086958333333       -1.58083073582575     
   1.66249500000000        1.93924416666667       -1.51175886546649     
   1.66249500000000        2.07761875000000       -1.44476699881099     
   1.66249500000000        2.21599333333333       -1.38015209423845     
   1.66249500000000        2.35436791666667       -1.31811934032435     
   1.66249500000000        2.49274250000000       -1.25881369534102     
   1.66249500000000        2.63111708333333       -1.20233665886951     
   1.66249500000000        2.76949166666667       -1.14875309121279     
   1.66249500000000        2.90786625000000       -1.09809211619886     
   1.66249500000000        3.04624083333333       -1.05034534550792     
   1.66249500000000        3.18461541666667       -1.00546490964198     
   1.66249500000000        3.32299000000000      -0.963363059410196     
   1.80086958333333       2.000000000000000E-003  -1.86186186657091     
   1.80086958333333       0.140374583333333       -1.89296008710009     
   1.80086958333333       0.278749166666667       -1.91453942744428     
   1.80086958333333       0.417123750000000       -1.92565576933587     
   1.80086958333333       0.555498333333333       -1.92569601773453     
   1.80086958333333       0.693872916666667       -1.91345715361741     
   1.80086958333333       0.832247500000000       -1.89038346509614     
   1.80086958333333       0.970622083333333       -1.85682805793132     
   1.80086958333333        1.10899666666667       -1.81354337771125     
   1.80086958333333        1.24737125000000       -1.76245675519139     
   1.80086958333333        1.38574583333333       -1.70507815098726     
   1.80086958333333        1.52412041666667       -1.64343858936850     
   1.80086958333333        1.66249500000000       -1.58061875537339     
   1.80086958333333        1.80086958333333       -1.51773324309466     
   1.80086958333333        1.93924416666667       -1.45553983099837     
   1.80086958333333        2.07761875000000       -1.39460457130560     
   1.80086958333333        2.21599333333333       -1.33535144851551     
   1.80086958333333        2.35436791666667       -1.27809927371895     
   1.80086958333333        2.49274250000000       -1.22308653943898     
   1.80086958333333        2.63111708333333       -1.17048658047512     
   1.80086958333333        2.76949166666667       -1.12041587126494     
   1.80086958333333        2.90786625000000       -1.07293819557842     
   1.80086958333333        3.04624083333333       -1.02806705037365     
   1.80086958333333        3.18461541666667      -0.985768136186134     
   1.80086958333333        3.32299000000000      -0.945963210390615     
   1.93924416666667       2.000000000000000E-003  -1.76135121412857     
   1.93924416666667       0.140374583333333       -1.78872038265461     
   1.93924416666667       0.278749166666667       -1.80774393289750     
   1.93924416666667       0.417123750000000       -1.81712448802238     
   1.93924416666667       0.555498333333333       -1.81662206379242     
   1.93924416666667       0.693872916666667       -1.80605771535408     
   1.93924416666667       0.832247500000000       -1.78522819264557     
   1.93924416666667       0.970622083333333       -1.75524461530074     
   1.93924416666667        1.10899666666667       -1.71685829463104     
   1.93924416666667        1.24737125000000       -1.67085064831702     
   1.93924416666667        1.38574583333333       -1.62015298868875     
   1.93924416666667        1.52412041666667       -1.56658332382184     
   1.93924416666667        1.66249500000000       -1.51131343063902     
   1.93924416666667        1.80086958333333       -1.45530646640776     
   1.93924416666667        1.93924416666667       -1.39933899393875     
   1.93924416666667        2.07761875000000       -1.34403011103832     
   1.93924416666667        2.21599333333333       -1.28986953876141     
   1.93924416666667        2.35436791666667       -1.23724078043802     
   1.93924416666667        2.49274250000000       -1.18643833958864     
   1.93924416666667        2.63111708333333       -1.13767964513263     
   1.93924416666667        2.76949166666667       -1.09111311870096     
   1.93924416666667        2.90786625000000       -1.04682403997555     
   1.93924416666667        3.04624083333333       -1.00483974099435     
   1.93924416666667        3.18461541666667      -0.965135331173647     
   1.93924416666667        3.32299000000000      -0.927640715334248     
   2.07761875000000       2.000000000000000E-003  -1.66523040682651     
   2.07761875000000       0.140374583333333       -1.68916253711507     
   2.07761875000000       0.278749166666667       -1.70547947057436     
   2.07761875000000       0.417123750000000       -1.71353996975301     
   2.07761875000000       0.555498333333333       -1.71290955528943     
   2.07761875000000       0.693872916666667       -1.70275747165447     
   2.07761875000000       0.832247500000000       -1.68435663415940     
   2.07761875000000       0.970622083333333       -1.65708560483365     
   2.07761875000000        1.10899666666667       -1.62294307556449     
   2.07761875000000        1.24737125000000       -1.58339543498362     
   2.07761875000000        1.38574583333333       -1.53966011273437     
   2.07761875000000        1.52412041666667       -1.49287740221655     
   2.07761875000000        1.66249500000000       -1.44406824876169     
   2.07761875000000        1.80086958333333       -1.39411796609499     
   2.07761875000000        1.93924416666667       -1.34377687369197     
   2.07761875000000        2.07761875000000       -1.29366978165033     
   2.07761875000000        2.21599333333333       -1.24430853485855     
   2.07761875000000        2.35436791666667       -1.19610423030655     
   2.07761875000000        2.49274250000000       -1.14937764958280     
   2.07761875000000        2.63111708333333       -1.10436774811664     
   2.07761875000000        2.76949166666667       -1.06123877337115     
   2.07761875000000        2.90786625000000       -1.02008687531514     
   2.07761875000000        3.04624083333333      -0.980947053965078     
   2.07761875000000        3.18461541666667      -0.943801069799771     
   2.07761875000000        3.32299000000000      -0.908586612314271     
   2.21599333333333       2.000000000000000E-003  -1.57321897324143     
   2.21599333333333       0.140374583333333       -1.59413869323177     
   2.21599333333333       0.278749166666667       -1.60826963325257     
   2.21599333333333       0.417123750000000       -1.61479377186660     
   2.21599333333333       0.555498333333333       -1.61346116974307     
   2.21599333333333       0.693872916666667       -1.60434476635496     
   2.21599333333333       0.832247500000000       -1.58785590814549     
   2.21599333333333       0.970622083333333       -1.56465316174298     
   2.21599333333333        1.10899666666667       -1.53556125613860     
   2.21599333333333        1.24737125000000       -1.50151439970264     
   2.21599333333333        1.38574583333333       -1.46348197625119     
   2.21599333333333        1.52412041666667       -1.42241006464876     
   2.21599333333333        1.66249500000000       -1.37918156983176     
   2.21599333333333        1.80086958333333       -1.33459311239980     
   2.21599333333333        1.93924416666667       -1.28934456485622     
   2.21599333333333        2.07761875000000       -1.24403679528686     
   2.21599333333333        2.21599333333333       -1.19917397293977     
   2.21599333333333        2.35436791666667       -1.15516798694960     
   2.21599333333333        2.49274250000000       -1.11234366956329     
   2.21599333333333        2.63111708333333       -1.07094438096934     
   2.21599333333333        2.76949166666667       -1.03113804842316     
   2.21599333333333        2.90786625000000      -0.993023987522735     
   2.21599333333333        3.04624083333333      -0.956640833253767     
   2.21599333333333        3.18461541666667      -0.921975747146560     
   2.21599333333333        3.32299000000000      -0.888974817202913     
   2.35436791666667       2.000000000000000E-003  -1.48560813770247     
   2.35436791666667       0.140374583333333       -1.50382847255571     
   2.35436791666667       0.278749166666667       -1.51597348628790     
   2.35436791666667       0.417123750000000       -1.52164510534167     
   2.35436791666667       0.555498333333333       -1.52065521478520     
   2.35436791666667       0.693872916666667       -1.51304819251958     
   2.35436791666667       0.832247500000000       -1.49909781585584     
   2.35436791666667       0.970622083333333       -1.47927970676494     
   2.35436791666667        1.10899666666667       -1.45422607046951     
   2.35436791666667        1.24737125000000       -1.42467224486301     
   2.35436791666667        1.38574583333333       -1.39140412070203     
   2.35436791666667        1.52412041666667       -1.35521282653480     
   2.35436791666667        1.66249500000000       -1.31685972177225     
   2.35436791666667        1.80086958333333       -1.27705192020279     
   2.35436791666667        1.93924416666667       -1.23642683336657     
   2.35436791666667        2.07761875000000       -1.19554356735629     
   2.35436791666667        2.21599333333333       -1.15487911419453     
   2.35436791666667        2.35436791666667       -1.11482777635725     
   2.35436791666667        2.49274250000000       -1.07570285227259     
   2.35436791666667        2.63111708333333       -1.03774010865633     
   2.35436791666667        2.76949166666667       -1.00110288991633     
   2.35436791666667        2.90786625000000      -0.965888852473476     
   2.35436791666667        3.04624083333333      -0.932138290181471     
   2.35436791666667        3.18461541666667      -0.899843883825060     
   2.35436791666667        3.32299000000000      -0.868961518077956     
   2.49274250000000       2.000000000000000E-003  -1.40424638376807     
   2.49274250000000       0.140374583333333       -1.42027577576645     
   2.49274250000000       0.278749166666667       -1.43099197175613     
   2.49274250000000       0.417123750000000       -1.43608555109519     
   2.49274250000000       0.555498333333333       -1.43541129779821     
   2.49274250000000       0.693872916666667       -1.42900294840408     
   2.49274250000000       0.832247500000000       -1.41707148211061     
   2.49274250000000       0.970622083333333       -1.39998747565987     
   2.49274250000000        1.10899666666667       -1.37825113020343     
   2.49274250000000        1.24737125000000       -1.35245534723976     
   2.49274250000000        1.38574583333333       -1.32324736760064     
   2.49274250000000        1.52412041666667       -1.29129334580880     
   2.49274250000000        1.66249500000000       -1.25724850499278     
   2.49274250000000        1.80086958333333       -1.22173385808253     
   2.49274250000000        1.93924416666667       -1.18531928151255     
   2.49274250000000        2.07761875000000       -1.14851209179928     
   2.49274250000000        2.21599333333333       -1.11175010845016     
   2.49274250000000        2.35436791666667       -1.07539831155732     
   2.49274250000000        2.49274250000000       -1.03974844551041     
   2.49274250000000        2.63111708333333       -1.00502115400613     
   2.49274250000000        2.76949166666667      -0.971370383919851     
   2.49274250000000        2.90786625000000      -0.938889842129326     
   2.49274250000000        3.04624083333333      -0.907621239475205     
   2.49274250000000        3.18461541666667      -0.877563939952132     
   2.49274250000000        3.32299000000000      -0.848685491199573     
   2.63111708333333       2.000000000000000E-003  -1.32878196127280     
   2.63111708333333       0.140374583333333       -1.34296083134560     
   2.63111708333333       0.278749166666667       -1.35246823940458     
   2.63111708333333       0.417123750000000       -1.35705801058655     
   2.63111708333333       0.555498333333333       -1.35661631418380     
   2.63111708333333       0.693872916666667       -1.35117167893166     
   2.63111708333333       0.832247500000000       -1.34089374257842     
   2.63111708333333       0.970622083333333       -1.32608102788231     
   2.63111708333333        1.10899666666667       -1.30713982554649     
   2.63111708333333        1.24737125000000       -1.28455740302614     
   2.63111708333333        1.38574583333333       -1.25887303666292     
   2.63111708333333        1.52412041666667       -1.23064989977741     
   2.63111708333333        1.66249500000000       -1.20044994899612     
   2.63111708333333        1.80086958333333       -1.16881298141130     
   2.63111708333333        1.93924416666667       -1.13624023510498     
   2.63111708333333        2.07761875000000       -1.10318238393236     
   2.63111708333333        2.21599333333333       -1.07003152568874     
   2.63111708333333        2.35436791666667       -1.03711670576589     
   2.63111708333333        2.49274250000000       -1.00470256283994     
   2.63111708333333        2.63111708333333      -0.972990749297004     
   2.63111708333333        2.76949166666667      -0.942123815042051     
   2.63111708333333        2.90786625000000      -0.912191226632177     
   2.63111708333333        3.04624083333333      -0.883237126524374     
   2.63111708333333        3.18461541666667      -0.855269338938417     
   2.63111708333333        3.32299000000000      -0.828269027919394     
   2.76949166666667       2.000000000000000E-003  -1.25856903421466     
   2.76949166666667       0.140374583333333       -1.27114958825930     
   2.76949166666667       0.278749166666667       -1.27960969096362     
   2.76949166666667       0.417123750000000       -1.28375115923643     
   2.76949166666667       0.555498333333333       -1.28348493422164     
   2.76949166666667       0.693872916666667       -1.27883795729608     
   2.76949166666667       0.832247500000000       -1.26995185865234     
   2.76949166666667       0.970622083333333       -1.25707369482930     
   2.76949166666667        1.10899666666667       -1.24054006783117     
   2.76949166666667        1.24737125000000       -1.22075670560682     
   2.76949166666667        1.38574583333333       -1.19817585215661     
   2.76949166666667        1.52412041666667       -1.17327363923566     
   2.76949166666667        1.66249500000000       -1.14652914004054     
   2.76949166666667        1.80086958333333       -1.11840622383864     
   2.76949166666667        1.93924416666667       -1.08933879216593     
   2.76949166666667        2.07761875000000       -1.05971956851089     
   2.76949166666667        2.21599333333333       -1.02989235458017     
   2.76949166666667        2.35436791666667       -1.00014753161091     
   2.76949166666667        2.49274250000000      -0.970720528450327     
   2.76949166666667        2.63111708333333      -0.941792952946704     
   2.76949166666667        2.76949166666667      -0.913496055602208     
   2.76949166666667        2.90786625000000      -0.885916147512259     
   2.76949166666667        3.04624083333333      -0.859101527829585     
   2.76949166666667        3.18461541666667      -0.833070401372895     
   2.76949166666667        3.32299000000000      -0.807819203831478     
   2.90786625000000       2.000000000000000E-003  -1.19314679507942     
   2.90786625000000       0.140374583333333       -1.20432657458333     
   2.90786625000000       0.278749166666667       -1.21186649189585     
   2.90786625000000       0.417123750000000       -1.21560673416217     
   2.90786625000000       0.555498333333333       -1.21547889098956     
   2.90786625000000       0.693872916666667       -1.21151054759972     
   2.90786625000000       0.832247500000000       -1.20382361158893     
   2.90786625000000       0.970622083333333       -1.19262663389086     
   2.90786625000000        1.10899666666667       -1.17820209794198     
   2.90786625000000        1.24737125000000       -1.16089015297194     
   2.90786625000000        1.38574583333333       -1.14107048020935     
   2.90786625000000        1.52412041666667       -1.11914391284715     
   2.90786625000000        1.66249500000000       -1.09551515694316     
   2.90786625000000        1.80086958333333       -1.07057758495759     
   2.90786625000000        1.93924416666667       -1.04470069190639     
   2.90786625000000        2.07761875000000       -1.01822048030071     
   2.90786625000000        2.21599333333333      -0.991432801134069     
   2.90786625000000        2.35436791666667      -0.964589520921246     
   2.90786625000000        2.49274250000000      -0.937897288371937     
   2.90786625000000        2.63111708333333      -0.911518612843038     
   2.90786625000000        2.76949166666667      -0.885574918549066     
   2.90786625000000        2.90786625000000      -0.860151191005156     
   2.90786625000000        3.04624083333333      -0.835301782983581     
   2.90786625000000        3.18461541666667      -0.811056902721439     
   2.90786625000000        3.32299000000000      -0.787429278972260     
   3.04624083333333       2.000000000000000E-003  -1.13218774332223     
   3.04624083333333       0.140374583333333       -1.14213044166027     
   3.04624083333333       0.278749166666667       -1.14885699894699     
   3.04624083333333       0.417123750000000       -1.15223944638211     
   3.04624083333333       0.555498333333333       -1.15222708836049     
   3.04624083333333       0.693872916666667       -1.14884930248360     
   3.04624083333333       0.832247500000000       -1.14221334628523     
   3.04624083333333       0.970622083333333       -1.13249749317218     
   3.04624083333333        1.10899666666667       -1.11994031204282     
   3.04624083333333        1.24737125000000       -1.10482724749319     
   3.04624083333333        1.38574583333333       -1.08747580505947     
   3.04624083333333        1.52412041666667       -1.06822060194215     
   3.04624083333333        1.66249500000000       -1.04739935163717     
   3.04624083333333        1.80086958333333       -1.02534057506437     
   3.04624083333333        1.93924416666667       -1.00235353500368     
   3.04624083333333        2.07761875000000      -0.978720623300670     
   3.04624083333333        2.21599333333333      -0.954692217928157     
   3.04624083333333        2.35436791666667      -0.930483875733975     
   3.04624083333333        2.49274250000000      -0.906275628420193     
   3.04624083333333        2.63111708333333      -0.882213089056043     
   3.04624083333333        2.76949166666667      -0.858410039064528     
   3.04624083333333        2.90786625000000      -0.834952140147797     
   3.04624083333333        3.04624083333333      -0.811901397177096     
   3.04624083333333        3.18461541666667      -0.789300987793612     
   3.04624083333333        3.32299000000000      -0.767180077711781     
   3.18461541666667       2.000000000000000E-003  -1.07545153173479     
   3.18461541666667       0.140374583333333       -1.08429957501744     
   3.18461541666667       0.278749166666667       -1.09030710345993     
   3.18461541666667       0.417123750000000       -1.09337312797559     
   3.18461541666667       0.555498333333333       -1.09346224458214     
   3.18461541666667       0.693872916666667       -1.09060595599890     
   3.18461541666667       0.832247500000000       -1.08489990361111     
   3.18461541666667       0.970622083333333       -1.07649740954707     
   3.18461541666667        1.10899666666667       -1.06560008485636     
   3.18461541666667        1.24737125000000       -1.05244649255267     
   3.18461541666667        1.38574583333333       -1.03729993825974     
   3.18461541666667        1.52412041666667       -1.02043640208079     
   3.18461541666667        1.66249500000000       -1.00213345474157     
   3.18461541666667        1.80086958333333      -0.982660765225365     
   3.18461541666667        1.93924416666667      -0.962272553808049     
   3.18461541666667        2.07761875000000      -0.941202112594230     
   3.18461541666667        2.21599333333333      -0.919658329922333     
   3.18461541666667        2.35436791666667      -0.897824024791326     
   3.18461541666667        2.49274250000000      -0.875855819956841     
   3.18461541666667        2.63111708333333      -0.853885247155007     
   3.18461541666667        2.76949166666667      -0.832020771895365     
   3.18461541666667        2.90786625000000      -0.810350436436218     
   3.18461541666667        3.04624083333333      -0.788944839514814     
   3.18461541666667        3.18461541666667      -0.767860196162339     
   3.18461541666667        3.32299000000000      -0.747141250370967     
   3.32299000000000       2.000000000000000E-003  -1.02274459038230     
   3.32299000000000       0.140374583333333       -1.03062629530491     
   3.32299000000000       0.278749166666667       -1.03600054942924     
   3.32299000000000       0.417123750000000       -1.03878934624343     
   3.32299000000000       0.555498333333333       -1.03897033679234     
   3.32299000000000       0.693872916666667       -1.03657691116141     
   3.32299000000000       0.832247500000000       -1.03169487847282     
   3.32299000000000       0.970622083333333       -1.02445622392978     
   3.32299000000000        1.10899666666667       -1.01503068821681     
   3.32299000000000        1.24737125000000       -1.00361606699671     
   3.32299000000000        1.38574583333333      -0.990428153935466     
   3.32299000000000        1.52412041666667      -0.975691159890409     
   3.32299000000000        1.66249500000000      -0.959629262340004     
   3.32299000000000        1.80086958333333      -0.942459712034113     
   3.32299000000000        1.93924416666667      -0.924387688769070     
   3.32299000000000        2.07761875000000      -0.905602889248718     
   3.32299000000000        2.21599333333333      -0.886277669951759     
   3.32299000000000        2.35436791666667      -0.866566466709856     
   3.32299000000000        2.49274250000000      -0.846606168740370     
   3.32299000000000        2.63111708333333      -0.826517128309498     
   3.32299000000000        2.76949166666667      -0.806404523798942     
   3.32299000000000        2.90786625000000      -0.786359848819405     
   3.32299000000000        3.04624083333333      -0.766462360429708     
   3.32299000000000        3.18461541666667      -0.746780376548722     
   3.32299000000000        3.32299000000000      -0.727372361564311     
